2,-0.707107,-0.707107
3,-1.21958,-1.33555
5,-0.663981,-0.49195
7,-0.430492,-0.214672
11,-0.284092,-0.0548586
13,0.165059,0.55856
17,0.176127,0.490436
19,-0.200578,-0.118662
23,-0.155123,-0.0652961
29,-0.121041,-0.0278836
31,-0.265414,-0.249731
37,-0.266623,-0.25341
41,-0.2341,-0.2078
43,-0.200913,-0.163375
47,-0.177795,-0.134308
53,-0.158097,-0.110302
59,-0.141139,-0.0902925
61,0.0216752,0.132577
67,-0.0619036,0.00796226
71,-0.0528745,0.0156254
73,-0.141592,-0.110175
79,-0.182218,-0.167724
83,-0.169523,-0.151301
89,-0.158043,-0.13671
97,-0.123376,-0.0905221
101,-0.114803,-0.080595
103,-0.20136,-0.198796
107,-0.190716,-0.184657
109,-0.273438,-0.294901
113,-0.261188,-0.277727
127,-0.218841,-0.220189
131,-0.209272,-0.20735
137,-0.200342,-0.195515
139,-0.251432,-0.263385
149,-0.241907,-0.25026
151,-0.0930143,-0.0531698
157,-0.0910362,-0.0519802
163,-0.0337971,0.0221295
167,-0.0309463,0.0239907
173,-0.028272,0.0256979
179,-0.0257594,0.0272657
181,-0.015828,0.0385675
191,-0.0137772,0.039595
193,0.0274007,0.0915886
197,0.028375,0.0910023
199,0.0632952,0.134337
211,0.134873,0.225223
223,0.0811201,0.152779
227,0.0808191,0.150489
229,0.0724445,0.137863
233,0.0723086,0.136034
239,0.072162,0.134267
241,0.139089,0.218624
251,0.137682,0.214922
257,0.136313,0.21136
263,0.13498,0.207931
269,0.133682,0.204627
271,0.118921,0.184215
277,0.111365,0.173162
281,0.110503,0.170753
283,0.131477,0.196118
293,0.130298,0.193295
307,0.10845,0.164141
311,0.107642,0.162003
313,0.126381,0.184729
317,0.125317,0.182261
331,0.0643029,0.103617
337,0.0293673,0.0585134
347,0.0297197,0.0584244
349,0.0296303,0.0577914
353,0.0299626,0.05771
359,0.0302795,0.0576234
367,0.0319787,0.0592981
373,0.0295375,0.0557481
379,0.0228641,0.0468845
383,0.0232356,0.0469543
389,0.0235923,0.0470156
397,0.0529449,0.083592
401,0.0529068,0.0830566
409,0.0556261,0.0860009
419,0.0555425,0.085424
421,0.0452665,0.0720704
431,0.0453015,0.0717088
433,0.0110026,0.0283364
439,-0.00865905,0.00346211
443,-0.00800591,0.00410252
449,-0.00737144,0.00472135
457,-0.00261987,0.0104865
461,-0.00206712,0.0109924
463,-0.0133342,-0.0032174
467,-0.0126791,-0.00254109
479,-0.0120447,-0.00188824
487,-0.000696403,0.0121078
491,-0.000208895,0.0125447
499,0.0115493,0.0270012
503,0.0118935,0.0272288
509,0.0122278,0.0274476
521,0.0125501,0.0276551
523,0.0401955,0.0617622
541,0.031663,0.0508776
547,0.0313812,0.0502907
557,0.0314889,0.0501941
563,0.0315924,0.050097
569,0.0316917,0.0499993
571,0.0276242,0.0447392
577,0.026316,0.0429181
587,0.0264558,0.042899
593,0.0265911,0.042878
599,0.026722,0.042855
601,0.0130831,0.0258138
607,0.0313731,0.0482682
613,0.0487046,0.0694814
617,0.0486299,0.0691624
619,0.0190616,0.0325278
631,0.0396423,0.0577521
641,0.0396411,0.0575581
643,0.0232958,0.037244
647,0.0234316,0.0372656
653,0.0235635,0.0372849
659,0.0236918,0.037302
661,0.00768557,0.0175242
673,0.0143479,0.0256071
677,0.0145437,0.025735
683,0.014735,0.0258589
691,0.0155019,0.0266903
701,0.0156787,0.0267981
709,0.0322091,0.0469677
719,0.0322488,0.046875
727,0.0424458,0.0592471
733,0.0471168,0.0648168
739,0.040763,0.0568632
743,0.0407321,0.056676
751,0.056723,0.0761101
757,0.0584986,0.0781062
761,0.0583338,0.0777271
769,0.0454412,0.0617883
773,0.0453721,0.061558
787,0.0416892,0.0569104
797,0.0416442,0.0567213
809,0.0415978,0.0565328
811,0.0530409,0.0703937
821,0.0529131,0.0700881
823,0.08465,0.108706
827,0.0843036,0.10808
829,0.0680206,0.0880303
839,0.0677912,0.0875835
853,0.049874,0.0655511
857,0.0497679,0.0652925
859,0.0437891,0.0578824
863,0.0437241,0.057689
877,0.0487304,0.0636757
881,0.0486315,0.0634355
883,0.0383998,0.0508754
887,0.0383685,0.0507389
907,0.0512391,0.066311
911,0.051123,0.0660522
919,0.038203,0.0502207
929,0.0381689,0.0500866
937,0.0231927,0.0317769
941,0.0232515,0.0317831
947,0.0233089,0.0317885
953,0.023365,0.031793
967,-0.0070449,-0.00523508
971,-0.00680627,-0.00495861
977,-0.00657112,-0.00468669
983,-0.0063394,-0.00441923
991,-0.0152328,-0.0152258
997,-0.00139948,0.00155492
1009,-0.00489509,-0.00270867
1013,-0.00468147,-0.0024652
1019,-0.0044709,-0.00222563
1021,-0.00429788,-0.00203189
1031,-0.00409302,-0.00179959
1033,-0.00733401,-0.00573793
1039,-0.0242403,-0.026202
1049,-0.0239271,-0.0258096
1051,-0.0364958,-0.0409911
1061,-0.0361183,-0.0405041
1063,-0.0499222,-0.0571499
1069,-0.0500859,-0.0572992
1087,-0.0513198,-0.0587429
1091,-0.0508715,-0.0581519
1093,-0.0273612,-0.0297206
1097,-0.0270484,-0.0293277
1103,-0.0267395,-0.0289402
1109,-0.0264343,-0.028558
1117,-0.0174758,-0.0177437
1123,-0.0399081,-0.0447778
1129,-0.0460396,-0.0521341
1151,-0.0456422,-0.0516157
1153,-0.0371285,-0.0413123
1163,-0.0367824,-0.0408687
1171,-0.0330333,-0.0363223
1181,-0.032713,-0.0359156
1187,-0.0323964,-0.0355141
1193,-0.0320834,-0.0351177
1201,-0.017713,-0.017782
1213,-0.00617643,-0.00387444
1217,-0.00600134,-0.00367743
1223,-0.00582836,-0.00348309
1229,-0.00565745,-0.00329136
1231,-0.00742933,-0.00543711
1237,-0.00332551,-0.000513394
1249,0.00457515,0.00897523
1259,0.00469031,0.00908797
1277,0.00480338,0.00919845
1279,0.0132075,0.0192872
1283,0.0132782,0.0193371
1289,0.0133479,0.0193861
1291,0.0117697,0.0174552
1297,-0.00100257,0.00208101
1301,-0.000867067,0.00222623
1303,-0.0024951,0.000255681
1307,-0.00235419,0.000409236
1319,-0.00221517,0.000560568
1321,0.00704702,0.0116471
1327,0.00587448,0.0102167
1361,0.00597187,0.0103097
1367,0.00606811,0.0104015
1373,0.0061632,0.010492
1381,0.00674835,0.011171
1399,0.0139071,0.0197487
1409,0.0139642,0.0197858
1423,0.0156437,0.0217737
1427,0.0156918,0.0217988
1429,0.0182731,0.0248658
1433,0.018309,0.024874
1439,0.0183443,0.0248819
1447,0.0346811,0.0444458
1451,0.0346445,0.0443509
1453,0.0191626,0.0257495
1459,0.0245925,0.03222
1471,0.0149835,0.0206672
1481,0.0150305,0.0206944
1483,0.0151789,0.0208432
1487,0.0152244,0.020869
1489,0.0239324,0.0312567
1493,0.0239405,0.0312297
1499,0.0239484,0.0312027
1511,0.0239558,0.0311754
1523,0.0239628,0.0311479
1531,0.0226307,0.0295195
1543,0.0138682,0.0190044
1549,0.0186554,0.0247038
1553,0.0186828,0.0247071
1559,0.0187098,0.0247101
1567,0.0102234,0.0145414
1571,0.010284,0.0145929
1579,0.0129059,0.0177033
1583,0.0129548,0.0177388
1597,0.00527002,0.00853912
1601,0.00534828,0.00861705
1607,0.00542574,0.00869407
1609,-0.00333983,-0.00177531
1613,-0.00322909,-0.00165061
1619,-0.0031194,-0.00152722
1621,-0.0115556,-0.0115832
1627,-0.00468191,-0.00339762
1637,-0.00456841,-0.00326835
1657,0.000933374,0.00328392
1663,0.000950419,0.0032935
1667,0.00104027,0.00338988
1669,0.00156859,0.00400824
1693,-0.000920339,0.00103047
1697,-0.000825262,0.00113498
1699,-0.00733523,-0.00662602
1709,-0.00721716,-0.00648857
1721,-0.00710029,-0.00635259
1723,-0.0111872,-0.0112214
1733,-0.0110568,-0.011066
1741,-0.0215986,-0.0236159
1747,-0.0257996,-0.0286071
1753,-0.0291222,-0.0325484
1759,-0.0236674,-0.0260444
1777,-0.0207442,-0.0225542
1783,-0.030746,-0.0344499
1787,-0.0305496,-0.0342004
1789,-0.0306743,-0.034333
1801,-0.0297232,-0.0331863
1811,-0.0295331,-0.0329455
1823,-0.0293447,-0.0327069
1831,-0.024229,-0.0266076
1847,-0.0240612,-0.0263979
1861,-0.0163835,-0.0172481
1867,-0.0181677,-0.019368
1871,-0.0180233,-0.0191913
1873,-0.0252539,-0.0277843
1877,-0.0250861,-0.0275744
1879,-0.0190131,-0.0203491
1889,-0.0188682,-0.0201715
1901,-0.0187245,-0.0199955
1907,-0.018582,-0.0198209
1913,-0.0184405,-0.0196479
1931,-0.0183004,-0.0194765
1933,-0.0183146,-0.0194886
1949,-0.0181762,-0.0193194
1951,-0.0126236,-0.0127192
1973,-0.0125057,-0.0125786
1979,-0.0123887,-0.0124393
1987,-0.0184647,-0.0196601
1993,-0.022084,-0.0239558
1997,-0.0219367,-0.0237735
1999,-0.0261717,-0.028794
2003,-0.0260121,-0.0285943
2011,-0.0277437,-0.0306391
2017,-0.0357717,-0.0401522
2027,-0.0355829,-0.0399112
2029,-0.0330889,-0.036937
2039,-0.0329101,-0.0367102
2053,-0.0327362,-0.0364894
2063,-0.0325602,-0.0362662
2069,-0.0323854,-0.0360448
2081,-0.0322119,-0.0358251
2083,-0.02881,-0.0317779
2087,-0.028649,-0.031576
2089,-0.0313065,-0.0347134
2099,-0.0311389,-0.0345021
2111,-0.0309725,-0.0342924
2113,-0.0353888,-0.0395109
2129,-0.0352105,-0.0392843
2131,-0.0405994,-0.0456519
2137,-0.0405783,-0.0456083
2141,-0.0403858,-0.0453619
2143,-0.034724,-0.0386446
2153,-0.0345508,-0.0384255
2161,-0.02605,-0.0283534
2179,-0.0322958,-0.0357388
2203,-0.0320043,-0.035381
2207,-0.0318424,-0.035177
2213,-0.0316815,-0.0349745
2221,-0.0358795,-0.0399334
2237,-0.0357077,-0.0397155
2239,-0.0363027,-0.0404057
2243,-0.0361308,-0.0401877
2251,-0.0373514,-0.0416179
2267,-0.0371777,-0.0413973
2269,-0.0327045,-0.0360887
2273,-0.0325456,-0.035889
2281,-0.0380234,-0.0423572
2287,-0.0369998,-0.0411315
2293,-0.0398595,-0.0444987
2297,-0.0396819,-0.0442728
2309,-0.0395055,-0.0440484
2311,-0.0400861,-0.0447189
2333,-0.0399099,-0.0444946
2339,-0.0397348,-0.0442719
2341,-0.0456562,-0.0512549
2347,-0.0497213,-0.0560393
2351,-0.0495197,-0.0557798
2357,-0.0493194,-0.0555221
2371,-0.0624209,-0.0709787
2377,-0.0715109,-0.0816865
2381,-0.0712503,-0.0813447
2383,-0.0729777,-0.0833499
2389,-0.0713661,-0.0814136
2393,-0.0711083,-0.0810761
2399,-0.0708519,-0.0807408
2411,-0.0705971,-0.0804076
2417,-0.0703438,-0.0800766
2423,-0.0700919,-0.0797478
2437,-0.0646251,-0.0732679
2441,-0.0643907,-0.0729633
2447,-0.0641576,-0.0726606
2459,-0.0639259,-0.0723599
2467,-0.0703476,-0.0799042
2473,-0.0727484,-0.0827036
2477,-0.0724954,-0.0823735
2503,-0.0710489,-0.0806357
2521,-0.0759984,-0.0864455
2531,-0.0757393,-0.0861064
2539,-0.0740922,-0.0841299
2543,-0.0738397,-0.0838003
2549,-0.0735887,-0.0834727
2551,-0.0745597,-0.0845863
2557,-0.0751956,-0.0853043
2579,-0.0749432,-0.084975
2591,-0.0746923,-0.0846476
2593,-0.0708946,-0.0801385
2609,-0.0706559,-0.0798282
2617,-0.0676832,-0.0762937
2621,-0.0674542,-0.0759971
2633,-0.0672266,-0.0757024
2647,-0.0676996,-0.0762341
2657,-0.0674728,-0.0759403
2659,-0.0569301,-0.0634845
2663,-0.0567324,-0.0632314
2671,-0.0546722,-0.0607834
2677,-0.0577607,-0.0644043
2683,-0.0635372,-0.07119
2687,-0.0633248,-0.0709167
2689,-0.0663406,-0.0744447
2693,-0.0661222,-0.0741633
2699,-0.065905,-0.0738836
2707,-0.0698839,-0.0785424
2711,-0.0696584,-0.0782512
2713,-0.069072,-0.077536
2719,-0.0658686,-0.073744
2729,-0.065655,-0.0734696
2731,-0.0609325,-0.067895
2741,-0.0607324,-0.0676394
2749,-0.0605368,-0.0673892
2753,-0.0603388,-0.0671365
2767,-0.0641085,-0.0715477
2777,-0.0639029,-0.0712843
2789,-0.0636983,-0.0710224
2791,-0.0596267,-0.0662163
2797,-0.0636688,-0.0709467
2801,-0.0634664,-0.070688
2803,-0.0577585,-0.0639646
2819,-0.0575717,-0.0637273
2833,-0.0690605,-0.0772075
2837,-0.0688473,-0.0769338
2843,-0.0686351,-0.0766617
2851,-0.0652481,-0.0726616
2857,-0.0681083,-0.0759988
2861,-0.0678997,-0.0757316
2879,-0.0676922,-0.0754659
2887,-0.0615196,-0.0681963
2897,-0.0613285,-0.0679532
2903,-0.0611383,-0.0677113
2909,-0.060949,-0.0674708
2917,-0.0535587,-0.0587782
2927,-0.0533883,-0.0585638
2939,-0.0532189,-0.0583506
2953,-0.0588377,-0.0649336
2957,-0.0586565,-0.064704
2963,-0.0584761,-0.0644756
2969,-0.0582966,-0.0642485
2971,-0.0560248,-0.0615672
2999,-0.055852,-0.0613493
3001,-0.0585493,-0.0644999
3011,-0.0583716,-0.0642751
3019,-0.0562009,-0.0617118
3023,-0.0560295,-0.0614958
3037,-0.0560252,-0.061476
3041,-0.0558551,-0.0612618
3049,-0.0494872,-0.0537768
3061,-0.0562852,-0.061741
3067,-0.0625952,-0.0691285
3079,-0.056934,-0.0624695
3083,-0.056764,-0.0622554
3089,-0.0565949,-0.0620425
3109,-0.0585162,-0.0642822
3119,-0.0583441,-0.064065
3121,-0.0501303,-0.0544164
3137,-0.0499779,-0.0542263
3163,-0.0546779,-0.0597324
3167,-0.0545162,-0.0595293
3169,-0.0544751,-0.0594681
3181,-0.0479623,-0.0518133
3187,-0.0539442,-0.058821
3191,-0.0537857,-0.0586224
3203,-0.0536279,-0.0584249
3209,-0.0534709,-0.0582283
3217,-0.0494305,-0.0534777
3221,-0.0492834,-0.0532949
3229,-0.0520889,-0.0565737
3251,-0.0519369,-0.0563839
3253,-0.0487872,-0.0526793
3257,-0.0486431,-0.0525004
3259,-0.0521616,-0.0566142
3271,-0.0523895,-0.05687
3299,-0.0522387,-0.0566819
3301,-0.0512724,-0.0555376
3307,-0.051983,-0.0563599
3313,-0.0524739,-0.0569243
3319,-0.0416101,-0.0441808
3323,-0.0414841,-0.0440267
3329,-0.0413587,-0.0438735
3331,-0.0420477,-0.0446742
3343,-0.0396958,-0.0419128
3347,-0.0395751,-0.041766
3359,-0.0394549,-0.0416198
3361,-0.0390567,-0.0411482
3371,-0.0389382,-0.0410043
3373,-0.045145,-0.0482643
3389,-0.0450143,-0.0481036
3391,-0.041075,-0.0434853
3407,-0.0409534,-0.0433372
3413,-0.0408325,-0.0431897
3433,-0.034482,-0.035748
3449,-0.0343752,-0.0356198
3457,-0.0366457,-0.0382758
3461,-0.0365348,-0.0381421
3463,-0.0376237,-0.0394127
3467,-0.0375113,-0.0392769
3469,-0.038794,-0.0407734
3491,-0.0386798,-0.040635
3499,-0.0365466,-0.0381337
3511,-0.0344342,-0.0356574
3517,-0.0384528,-0.0403574
3527,-0.0383404,-0.0402213
3529,-0.0383632,-0.0402435
3533,-0.0382515,-0.0401084
3539,-0.0381402,-0.0399739
3541,-0.0339959,-0.0351238
3547,-0.0403518,-0.0425518
3557,-0.0402371,-0.0424125
3559,-0.0380657,-0.0398695
3571,-0.0428099,-0.0454108
3581,-0.0426911,-0.0452658
3583,-0.0429985,-0.045619
3593,-0.0428798,-0.0454743
3607,-0.0392509,-0.041227
3613,-0.036088,-0.0375263
3617,-0.0359838,-0.0374012
3623,-0.0358801,-0.0372768
3631,-0.0385075,-0.0403427
3637,-0.0412721,-0.0435675
3643,-0.0415954,-0.0439398
3659,-0.0414817,-0.0438016
3671,-0.0413684,-0.043664
3673,-0.0413775,-0.0436694
3677,-0.041265,-0.0435328
3691,-0.041473,-0.0437706
3697,-0.0390875,-0.04098
3701,-0.0389801,-0.0408503
3709,-0.0389306,-0.0407884
3719,-0.038824,-0.0406597
3727,-0.0425486,-0.0450032
3733,-0.0430634,-0.0455986
3739,-0.043265,-0.0458282
3761,-0.0431511,-0.0456895
3767,-0.0430377,-0.0455514
3769,-0.0423026,-0.044688
3779,-0.0421912,-0.0445527
3793,-0.0397138,-0.041656
3797,-0.0396079,-0.0415281
3803,-0.0395023,-0.0414007
3821,-0.0393973,-0.0412739
3823,-0.0426009,-0.0450077
3833,-0.0424904,-0.0448735
3847,-0.0409889,-0.0431161
3851,-0.040882,-0.0429867
3853,-0.0391642,-0.0409785
3863,-0.0390611,-0.0408543
3877,-0.0368622,-0.0382852
3881,-0.0367638,-0.0381674
3889,-0.0298828,-0.0301391
3907,-0.0247924,-0.0242002
3911,-0.024717,-0.0241135
3917,-0.0246419,-0.0240273
3919,-0.0228586,-0.0219494
3923,-0.0227872,-0.0218681
3929,-0.0227161,-0.0217872
3931,-0.0208418,-0.0196051
3943,-0.0224832,-0.0215205
3947,-0.0224131,-0.0214409
3967,-0.0247569,-0.0241747
3989,-0.0246831,-0.0240899
4001,-0.0246096,-0.0240055
4003,-0.0204457,-0.0191527
4007,-0.0203801,-0.019079
4013,-0.0203149,-0.0190057
4019,-0.0202498,-0.0189327
4021,-0.0207439,-0.0195109
4027,-0.0179818,-0.0162961
4049,-0.0179214,-0.0162292
4051,-0.0164776,-0.0145508
4057,-0.0174341,-0.015669
4073,-0.0173751,-0.0156039
4079,-0.0173163,-0.0155391
4091,-0.0172578,-0.0154746
4093,-0.0189901,-0.017496
4099,-0.0252871,-0.0248324
4111,-0.0192078,-0.0177531
4127,-0.0191465,-0.0176847
4129,-0.0260536,-0.0257316
4133,-0.0259805,-0.0256471
4139,-0.0259076,-0.025563
4153,-0.0269108,-0.0267317
4157,-0.0268366,-0.0266458
4159,-0.0338654,-0.0348272
4177,-0.036806,-0.0382486
4201,-0.0410556,-0.043195
4211,-0.0409575,-0.0430765
4217,-0.0408599,-0.0429584
4219,-0.0369529,-0.0384055
4229,-0.0368625,-0.0382973
4231,-0.0352133,-0.0363749
4241,-0.0351263,-0.0362712
4243,-0.0395202,-0.0413822
4253,-0.0394261,-0.041269
4259,-0.0393323,-0.0411562
4261,-0.0424504,-0.04478
4271,-0.0423519,-0.0446607
4273,-0.0465265,-0.0495116
4283,-0.0464214,-0.0493835
4289,-0.0463167,-0.0492558
4297,-0.0456212,-0.0484413
4327,-0.0402538,-0.0421905
4337,-0.0401601,-0.0420777
4339,-0.0370402,-0.0384446
4349,-0.0369523,-0.0383396
4357,-0.0350321,-0.0361032
4363,-0.0297211,-0.029924
4373,-0.029646,-0.0298363
4391,-0.0295712,-0.0297489
4397,-0.0294967,-0.0296618
4409,-0.0294224,-0.0295751
4421,-0.0293484,-0.0294888
4423,-0.0277522,-0.027632
4441,-0.0235313,-0.0227219
4447,-0.027366,-0.027184
4451,-0.027296,-0.0271029
4457,-0.0272262,-0.0270222
4463,-0.0271567,-0.0269417
4481,-0.0270875,-0.0268616
4483,-0.0246501,-0.024028
4493,-0.0245852,-0.0239537
4507,-0.0195072,-0.0180499
4513,-0.0150864,-0.0129123
4517,-0.0150375,-0.0128596
4519,-0.0182208,-0.0165637
4523,-0.018167,-0.0165043
4547,-0.0181134,-0.0164452
4549,-0.0255965,-0.025146
4561,-0.0267276,-0.0264616
4567,-0.0268997,-0.026662
4583,-0.0268324,-0.0265843
4591,-0.019313,-0.0178446
4597,-0.0199199,-0.0185527
4603,-0.0201851,-0.0188634
4621,-0.0178719,-0.0161772
4637,-0.0178198,-0.0161198
4639,-0.0180452,-0.0163849
4643,-0.017993,-0.0163273
4649,-0.017941,-0.01627
4651,-0.0212922,-0.0201662
4657,-0.0138764,-0.0115541
4663,-0.0135083,-0.0111308
4673,-0.0134637,-0.0110834
4679,-0.0134194,-0.0110363
4691,-0.0133752,-0.0109893
4703,-0.0133312,-0.0109425
4721,-0.0132873,-0.010896
4723,-0.0168221,-0.0150058
4729,-0.0155128,-0.0134886
4733,-0.0154657,-0.0134376
4751,-0.0154189,-0.0133869
4759,-0.0161448,-0.0142337
4783,-0.0133622,-0.0110044
4787,-0.0133189,-0.0109584
4789,-0.0101288,-0.00725796
4793,-0.0100907,-0.00721889
4799,-0.0100527,-0.00717997
4801,-0.0126917,-0.0102484
4813,-0.0143295,-0.0121541
4817,-0.0142853,-0.0121065
4831,-0.0221865,-0.021282
4861,-0.0224924,-0.0216389
4871,-0.022436,-0.0215749
4877,-0.0223797,-0.021511
4889,-0.0223236,-0.0214475
4903,-0.0285907,-0.0287274
4909,-0.023952,-0.0233405
4919,-0.0238939,-0.0232741
4931,-0.0238359,-0.0232078
4933,-0.0257404,-0.0254201
4937,-0.0256798,-0.0253504
4943,-0.0256195,-0.0252809
4951,-0.0266052,-0.0264256
4957,-0.0253547,-0.0249747
4967,-0.0252952,-0.0249063
4969,-0.0267747,-0.0266237
4973,-0.0267132,-0.0265526
4987,-0.0269429,-0.0268194
4993,-0.0313598,-0.0319439
4999,-0.0315389,-0.0321508
5003,-0.0314708,-0.0320707
5009,-0.0314028,-0.0319908
5011,-0.0285708,-0.0287059
5021,-0.0285073,-0.0286321
5023,-0.0271879,-0.0271022
5039,-0.0271267,-0.0270314
5051,-0.0270658,-0.0269609
5059,-0.0249701,-0.0245312
5077,-0.022005,-0.0210934
5081,-0.0219519,-0.0210334
5087,-0.021899,-0.0209736
5099,-0.0218463,-0.0209141
5101,-0.0283199,-0.0284201
5107,-0.0301848,-0.0305816
5113,-0.0269503,-0.026832
5119,-0.0268727,-0.0267424
5147,-0.0268132,-0.0266736
5153,-0.0267539,-0.0266051
5167,-0.0293837,-0.0296542
5171,-0.0293208,-0.0295809
5179,-0.025415,-0.0250531
5189,-0.0253582,-0.0249878
5197,-0.0224801,-0.0216525
5209,-0.0222412,-0.0213769
5227,-0.0221906,-0.0213197
5231,-0.0221388,-0.0212611
5233,-0.0235937,-0.0229487
5237,-0.02354,-0.0228876
5261,-0.0234865,-0.0228267
5273,-0.0234332,-0.022766
5279,-0.0233801,-0.0227055
5281,-0.0228888,-0.0221373
5297,-0.0228366,-0.0220781
5303,-0.0227846,-0.022019
5309,-0.0227328,-0.0219602
5323,-0.025021,-0.0246133
5333,-0.0249662,-0.0245504
5347,-0.0239557,-0.02338
5351,-0.0239026,-0.0233194
5381,-0.0238496,-0.0232589
5387,-0.0237968,-0.0231987
5393,-0.0237442,-0.0231387
5399,-0.0236918,-0.0230789
5407,-0.0277903,-0.0278298
5413,-0.0232415,-0.0225585
5417,-0.02319,-0.0224999
5419,-0.0208813,-0.0198266
5431,-0.0172154,-0.0155813
5437,-0.0204954,-0.0193834
5441,-0.020448,-0.0193304
5443,-0.0203687,-0.0192403
5449,-0.0264606,-0.0262961
5471,-0.0264053,-0.0262322
5477,-0.0263501,-0.0261686
5479,-0.0249888,-0.0245926
5483,-0.0249357,-0.0245318
5501,-0.0248827,-0.0244711
5503,-0.0277593,-0.0278021
5507,-0.0277027,-0.0277364
5519,-0.0276462,-0.027671
5521,-0.0250063,-0.0246155
5527,-0.026469,-0.0263089
5531,-0.0264145,-0.0262461
5557,-0.024473,-0.023999
5563,-0.0200011,-0.0188239
5569,-0.0193943,-0.0181234
5573,-0.0193497,-0.0180738
5581,-0.0210527,-0.0200464
5591,-0.021006,-0.019994
5623,-0.0186117,-0.0172238
5639,-0.0185686,-0.017176
5641,-0.0188238,-0.0174736
5647,-0.0176698,-0.01614
5651,-0.0176281,-0.0160942
5653,-0.0197363,-0.018536
5657,-0.019692,-0.0184866
5659,-0.0209346,-0.0199259
5669,-0.0208888,-0.0198745
5683,-0.0223485,-0.0215647
5689,-0.0213655,-0.0204289
5693,-0.0213194,-0.0203769
5701,-0.01734,-0.015776
5711,-0.0172993,-0.0157314
5717,-0.0172588,-0.0156869
5737,-0.0229842,-0.0223118
5741,-0.0229363,-0.0222574
5743,-0.0218087,-0.0209545
5749,-0.0208319,-0.0198265
5779,-0.018531,-0.0171665
5783,-0.0184893,-0.0171204
5791,-0.0200983,-0.0189832
5801,-0.0200546,-0.0189344
5807,-0.0200111,-0.0188857
5813,-0.0199676,-0.0188372
5821,-0.0179405,-0.0164951
5827,-0.0207518,-0.0197475
5839,-0.0244278,-0.0239991
5843,-0.0243789,-0.0239432
5849,-0.0243301,-0.0238875
5851,-0.0263547,-0.026228
5857,-0.0249465,-0.0246008
5861,-0.0248972,-0.0245444
5867,-0.024848,-0.0244881
5869,-0.0259074,-0.0257124
5879,-0.025857,-0.0256546
5881,-0.0269158,-0.0268778
5897,-0.0268644,-0.0268184
5903,-0.026813,-0.0267592
5923,-0.0287978,-0.0290522
5927,-0.0287441,-0.0289899
5939,-0.0286906,-0.0289277
5953,-0.0305431,-0.0310674
5981,-0.0304875,-0.0310024
5987,-0.030432,-0.0309376
6007,-0.0317421,-0.0324509
6011,-0.0316852,-0.0323841
6029,-0.0316285,-0.0323176
6037,-0.0304588,-0.0309646
6043,-0.024711,-0.0243216
6047,-0.0246634,-0.0242671
6053,-0.0246159,-0.0242128
6067,-0.0276634,-0.0277347
6073,-0.0295962,-0.0299678
6079,-0.0297045,-0.0300923
6089,-0.0296509,-0.0300299
6091,-0.0295654,-0.0299306
6101,-0.0295122,-0.0298686
6113,-0.0294591,-0.0298068
6121,-0.0293401,-0.0296688
6131,-0.0292874,-0.0296074
6133,-0.0303928,-0.0308836
6143,-0.030339,-0.0308207
6151,-0.0327902,-0.0336508
6163,-0.0315761,-0.0322474
6173,-0.031521,-0.0321828
6197,-0.0314661,-0.0321184
6199,-0.0372535,-0.0388018
6203,-0.0371916,-0.0387281
6211,-0.036203,-0.0375843
6217,-0.0383199,-0.0400267
6221,-0.038257,-0.0399516
6229,-0.0416283,-0.0438413
6247,-0.0406289,-0.0426843
6257,-0.0405634,-0.0426057
6263,-0.0404981,-0.0425273
6269,-0.0404329,-0.0424492
6271,-0.0408959,-0.0429809
6277,-0.0415996,-0.0437901
6287,-0.0415334,-0.0437106
6299,-0.0414673,-0.0436312
6301,-0.0440958,-0.0466616
6311,-0.0440267,-0.0465783
6317,-0.0439579,-0.0464953
6323,-0.0438892,-0.0464124
6329,-0.0438207,-0.0463298
6337,-0.0419302,-0.0441453
6343,-0.0398798,-0.0417768
6353,-0.0398164,-0.041701
6359,-0.0397532,-0.0416254
6361,-0.0374476,-0.0389636
6367,-0.0375748,-0.0391082
6373,-0.0407707,-0.0427916
6379,-0.0452167,-0.0479154
6389,-0.0451474,-0.0478318
6397,-0.0450787,-0.0477489
6421,-0.0494086,-0.0527389
6427,-0.0518708,-0.0555739
6449,-0.051794,-0.0554801
6451,-0.0496013,-0.0529463
6469,-0.0526108,-0.0564131
6473,-0.0525334,-0.0563185
6481,-0.0544802,-0.0585586
6491,-0.0544008,-0.0584614
6521,-0.0543216,-0.0583644
6529,-0.051827,-0.0554811
6547,-0.05213,-0.0558257
6551,-0.0520537,-0.0557327
6553,-0.0513086,-0.0548682
6563,-0.0512336,-0.0547768
6569,-0.0511587,-0.0546856
6571,-0.0517606,-0.055375
6577,-0.0516067,-0.0551925
6581,-0.0515316,-0.0551012
6599,-0.0514568,-0.05501
6607,-0.0531038,-0.0569044
6619,-0.051309,-0.0548297
6637,-0.0543346,-0.0583143
6653,-0.0542569,-0.0582193
6659,-0.0541794,-0.0581246
6661,-0.0562248,-0.0604779
6673,-0.058476,-0.0630682
6679,-0.0571897,-0.0615788
6689,-0.0571092,-0.0614801
6691,-0.058191,-0.0627215
6701,-0.0581095,-0.0626215
6703,-0.0581791,-0.0626957
6709,-0.0618227,-0.0668895
6719,-0.0617373,-0.0667843
6733,-0.0578532,-0.0623004
6737,-0.0577726,-0.0622016
6761,-0.0576923,-0.0621031
6763,-0.0608201,-0.0657026
6779,-0.0607364,-0.0655997
6781,-0.0595838,-0.0642648
6791,-0.0595017,-0.064164
6793,-0.0581191,-0.0625645
6803,-0.0580389,-0.0624662
6823,-0.0595894,-0.0642475
6827,-0.0595078,-0.0641473
6829,-0.0591462,-0.0637246
6833,-0.0590653,-0.0636253
6841,-0.058252,-0.0626823
6857,-0.0581723,-0.0625847
6863,-0.0580927,-0.0624873
6869,-0.0580133,-0.0623901
6871,-0.0591053,-0.0636423
6883,-0.0581836,-0.0625746
6899,-0.0581044,-0.0624776
6907,-0.0572355,-0.061471
6911,-0.0571576,-0.0613758
6917,-0.0570799,-0.0612808
6947,-0.0570024,-0.061186
6949,-0.060072,-0.0647169
6959,-0.0599913,-0.064618
6961,-0.0620563,-0.0669906
6967,-0.0599102,-0.0645124
6971,-0.05983,-0.0644141
6977,-0.0597499,-0.0643161
6983,-0.0596701,-0.0642182
6991,-0.0606923,-0.0653894
6997,-0.060717,-0.0654119
7001,-0.0606364,-0.0653131
7013,-0.0605559,-0.0652144
7019,-0.0604756,-0.0651161
7027,-0.0633809,-0.0684545
7039,-0.0658252,-0.0712619
7043,-0.0657394,-0.0711563
7057,-0.064591,-0.0698274
7069,-0.0663255,-0.0718175
7079,-0.0662395,-0.0717115
7103,-0.0661537,-0.0716058
7109,-0.066068,-0.0715003
7121,-0.0659826,-0.0713951
7127,-0.0658974,-0.0712901
7129,-0.0666847,-0.0721897
7151,-0.0665989,-0.072084
7159,-0.0694446,-0.0753531
7177,-0.0653496,-0.0706308
7187,-0.0652656,-0.0705274
7193,-0.0651817,-0.0704243
7207,-0.0641506,-0.0692305
7211,-0.0640682,-0.0691293
7213,-0.0670951,-0.0726072
7219,-0.065301,-0.0705354
7229,-0.0652176,-0.0704329
7237,-0.0632536,-0.0681658
7243,-0.0587534,-0.0629805
7247,-0.0586773,-0.0628877
7253,-0.0586014,-0.0627952
7283,-0.0585257,-0.0627028
7297,-0.0568681,-0.0607896
7307,-0.0567945,-0.0607
7309,-0.0576312,-0.0616582
7321,-0.058055,-0.062141
7331,-0.0579804,-0.0620501
7333,-0.0598036,-0.0641432
7349,-0.0597272,-0.06405
7351,-0.0551821,-0.0588143
7369,-0.0502163,-0.0530949
7393,-0.0537513,-0.0571605
7411,-0.0538106,-0.0572246
7417,-0.0520122,-0.0551503
7433,-0.0519447,-0.0550687
7451,-0.0518773,-0.0549873
7457,-0.0518101,-0.0549061
7459,-0.0501029,-0.052937
7477,-0.0491047,-0.0517845
7481,-0.0490407,-0.0517075
7487,-0.0489768,-0.0516307
7489,-0.0491187,-0.0517908
7499,-0.0490549,-0.0517141
7507,-0.0443364,-0.0462805
7517,-0.0442778,-0.0462106
7523,-0.0442192,-0.0461409
7529,-0.0441608,-0.0460714
7537,-0.046567,-0.0488378
7541,-0.0465062,-0.0487652
7547,-0.0464456,-0.0486927
7549,-0.0437904,-0.0456356
7559,-0.0437327,-0.0455671
7561,-0.0413077,-0.0427758
7573,-0.0446086,-0.0465707
7577,-0.0445503,-0.0465013
7583,-0.0444921,-0.046432
7589,-0.0444341,-0.046363
7591,-0.0453936,-0.0474639
7603,-0.0437464,-0.0455674
7607,-0.0436893,-0.0454996
7621,-0.0429704,-0.0446709
7639,-0.0450617,-0.0470736
7643,-0.0450034,-0.0470043
7649,-0.0449453,-0.0469351
7669,-0.0416929,-0.0431929
7673,-0.0416383,-0.0431284
7681,-0.0404917,-0.0418084
7687,-0.0418218,-0.043336
7691,-0.0417673,-0.0432715
7699,-0.0431084,-0.0448113
7703,-0.0430526,-0.0447452
7717,-0.0426332,-0.0442611
7723,-0.0445441,-0.0464555
7727,-0.0444871,-0.0463877
7741,-0.0464511,-0.0486427
7753,-0.043532,-0.0452852
7757,-0.0434763,-0.0452191
7759,-0.0431649,-0.0448593
7789,-0.0428355,-0.0444787
7793,-0.0427806,-0.0444137
7817,-0.0427259,-0.0443489
7823,-0.0426712,-0.0442842
7829,-0.0426167,-0.0442197
7841,-0.0425623,-0.0441553
7853,-0.042508,-0.0440911
7867,-0.042704,-0.0443145
7873,-0.0450136,-0.0469672
7877,-0.0449571,-0.0469
7879,-0.0410813,-0.042444
7883,-0.0410288,-0.0423821
7901,-0.0409764,-0.0423204
7907,-0.0409242,-0.0422588
7919,-0.040872,-0.0421973
7927,-0.0396047,-0.0407396
7933,-0.0401366,-0.0413494
7937,-0.0400854,-0.0412892
7949,-0.0400343,-0.0412291
7951,-0.0362332,-0.0368612
7963,-0.034592,-0.0349751
7993,-0.032454,-0.032518
8009,-0.0324108,-0.0324682
8011,-0.0334191,-0.0336268
8017,-0.0323256,-0.0323701
8039,-0.0322826,-0.0323207
8053,-0.0308506,-0.030675
8059,-0.0305246,-0.0303006
8069,-0.0304836,-0.0302536
8081,-0.0304426,-0.0302068
8087,-0.0304017,-0.0301601
8089,-0.0309228,-0.0307591
8093,-0.0308816,-0.0307119
8101,-0.0321639,-0.0321852
8111,-0.0321214,-0.0321364
8117,-0.0320791,-0.0320878
8123,-0.0320369,-0.0320392
8147,-0.0319947,-0.0319908
8161,-0.0349797,-0.0354202
8167,-0.0335141,-0.033736
8171,-0.0334707,-0.0336859
8179,-0.0334223,-0.0336301
8191,-0.0324658,-0.0325311
8209,-0.0311489,-0.0310182
8219,-0.031108,-0.0309713
8221,-0.0318786,-0.0318566
8231,-0.031837,-0.0318089
8233,-0.0330764,-0.0332324
8237,-0.0330338,-0.0331832
8243,-0.0329912,-0.0331342
8263,-0.0307993,-0.0306167
8269,-0.0285004,-0.0279769
8273,-0.0284624,-0.0279338
8287,-0.0280251,-0.0274322
8291,-0.0279876,-0.0273898
8293,-0.0284986,-0.0279772
8297,-0.0284607,-0.0279343
8311,-0.0324744,-0.0325428
8317,-0.031944,-0.0319338
8329,-0.0318607,-0.0318382
8353,-0.0295164,-0.0291464
8363,-0.0294777,-0.0291025
8369,-0.0294392,-0.0290586
8377,-0.0278399,-0.0272229
8387,-0.0278029,-0.0271812
8389,-0.0290537,-0.0286177
8419,-0.0272927,-0.026596
8423,-0.0272564,-0.0265552
8429,-0.0272202,-0.0265144
8431,-0.0310036,-0.0308583
8443,-0.0306961,-0.0305054
8447,-0.0306568,-0.0304604
8461,-0.0279094,-0.027307
8467,-0.0257999,-0.0248862
8501,-0.0257653,-0.0248475
8513,-0.0257308,-0.0248089
8521,-0.0271831,-0.0264773
8527,-0.0265162,-0.0257124
8537,-0.0264811,-0.025673
8539,-0.0235396,-0.0222972
8543,-0.0235073,-0.0222615
8563,-0.0265025,-0.0257012
8573,-0.0264676,-0.025662
8581,-0.0255022,-0.0245547
8597,-0.0254683,-0.0245168
8599,-0.0235126,-0.0222729
8609,-0.0234806,-0.0222375
8623,-0.027163,-0.0264659
8627,-0.0271277,-0.0264261
8629,-0.0259183,-0.0250388
8641,-0.0273263,-0.0266558
8647,-0.0279966,-0.0274257
8663,-0.0279606,-0.0273851
8669,-0.0279248,-0.0273445
8677,-0.0285582,-0.0280721
8681,-0.0285219,-0.028031
8689,-0.0284425,-0.0279403
8693,-0.0284063,-0.0278994
8699,-0.0283702,-0.0278585
8707,-0.0302493,-0.0300148
8713,-0.0287496,-0.0282946
8719,-0.0305004,-0.0303035
8731,-0.0270406,-0.0263349
8737,-0.0296023,-0.0292741
8741,-0.0295654,-0.029232
8747,-0.0295285,-0.0291901
8753,-0.0294916,-0.0291482
8761,-0.0312617,-0.0311784
8779,-0.0302793,-0.0300518
8783,-0.0302419,-0.0300092
8803,-0.0296087,-0.0292832
8807,-0.029572,-0.0292414
8819,-0.0295354,-0.0291998
8821,-0.0267284,-0.0259812
8831,-0.0266944,-0.025943
8837,-0.0266605,-0.0259049
8839,-0.0264143,-0.0256234
8849,-0.0263807,-0.0255857
8861,-0.0263472,-0.0255481
8863,-0.0246025,-0.0235488
8867,-0.0245707,-0.0235134
8887,-0.0225815,-0.021234
8893,-0.01937,-0.0175537
8923,-0.0216422,-0.0201611
8929,-0.019461,-0.0176616
8933,-0.0194339,-0.0176325
8941,-0.0203465,-0.0186806
8951,-0.0203187,-0.0186504
8963,-0.020291,-0.0186204
8969,-0.0202633,-0.0185904
8971,-0.0162791,-0.014025
8999,-0.0162551,-0.0139998
9001,-0.015728,-0.0133978
9007,-0.0170621,-0.0149296
9011,-0.0170375,-0.0149035
9013,-0.0157129,-0.0133876
9029,-0.0156895,-0.0133632
9041,-0.0156662,-0.0133388
9043,-0.0143009,-0.0117764
9049,-0.0142383,-0.0117072
9059,-0.0142163,-0.0116846
9067,-0.012642,-0.00988312
9091,-0.00970207,-0.00651621
9103,-0.00977978,-0.00660852
9109,-0.0113211,-0.00837823
9127,-0.0144031,-0.0119139
9133,-0.0133454,-0.0107041
9137,-0.0133244,-0.0106827
9151,-0.0139708,-0.0114262
9157,-0.0159493,-0.0136962
9161,-0.0159261,-0.0136719
9173,-0.0159029,-0.0136476
9181,-0.0158864,-0.013631
9187,-0.0171825,-0.0151184
9199,-0.0202481,-0.0186333
9203,-0.0202212,-0.0186041
9209,-0.0201944,-0.018575
9221,-0.0201676,-0.0185459
9227,-0.0201409,-0.0185169
9239,-0.0201142,-0.018488
9241,-0.0218575,-0.0204867
9257,-0.0218294,-0.0204558
9277,-0.0181497,-0.0162411
9281,-0.0181248,-0.0162146
9283,-0.0170239,-0.0149552
9293,-0.0170001,-0.01493
9311,-0.0169763,-0.0149049
9319,-0.0171584,-0.0151155
9323,-0.0171346,-0.0150903
9337,-0.0181907,-0.0163021
9341,-0.018166,-0.0162757
9343,-0.0166551,-0.0145471
9349,-0.0147097,-0.0123211
9371,-0.0146881,-0.0122987
9377,-0.0146665,-0.0122764
9391,-0.0147484,-0.0123726
9397,-0.0160277,-0.0138401
9403,-0.0153549,-0.0130717
9413,-0.0153328,-0.0130487
9419,-0.0153108,-0.0130257
9421,-0.0133449,-0.0107768
9431,-0.0133246,-0.0107561
9433,-0.0109068,-0.00799024
9437,-0.0108886,-0.00797233
9439,-0.00991538,-0.00686101
9461,-0.00989813,-0.00684425
9463,-0.00872374,-0.00550278
9467,-0.00870754,-0.00548738
9473,-0.00869137,-0.00547201
9479,-0.00867524,-0.00545668
9491,-0.00865913,-0.00544137
9497,-0.00864305,-0.0054261
9511,-0.00707515,-0.00363461
9521,-0.00706046,-0.00362113
9533,-0.00704579,-0.00360769
9539,-0.00703116,-0.00359427
9547,-0.00640652,-0.00288269
9551,-0.00639245,-0.00287
9587,-0.00637843,-0.00285735
9601,-0.00681159,-0.00335663
9613,-0.00696714,-0.00353804
9619,-0.00521083,-0.00153083
9623,-0.00519787,-0.00151953
9629,-0.00518492,-0.00150826
9631,-0.00693585,-0.0035157
9643,-0.00650849,-0.00302987
9649,-0.00460946,-0.000859893
9661,-0.00331963,0.000612668
9677,-0.00330833,0.000621825
9679,-0.00341588,0.000494987
9689,-0.00340453,0.000504235
9697,-0.00190107,0.002221
9719,-0.00189102,0.00222857
9721,-0.00425932,-0.000485636
9733,-0.00427607,-0.000508404
9739,-0.00506388,-0.00141353
9743,-0.00505124,-0.00140254
9749,-0.00503862,-0.00139157
9767,-0.00502603,-0.00138063
9769,-0.00232789,0.00170309
9781,-0.00253418,0.00146321
9787,-0.00414387,-0.000382283
9791,-0.00413207,-0.000372349
9803,-0.0041203,-0.000362439
9811,-0.00429233,-0.000562801
9817,-0.00103356,0.00316164
9829,-0.00356615,0.00026041
9833,-0.0035549,0.000269674
9839,-0.00354366,0.000278919
9851,-0.00353245,0.000288142
9857,-0.00352127,0.000297345
9859,-0.00488646,-0.00126761
9871,-0.00734159,-0.00407896
9883,-0.00505259,-0.00146403
9887,-0.0050402,-0.00145323
9901,-0.0025995,0.00133481
9907,-0.0032723,0.000561693
9923,-0.00326141,0.000570555
9929,-0.00325055,0.000579399
9931,-0.00187269,0.00215144
9941,-0.00186298,0.00215879
9949,-0.000702712,0.00348178
9967,-0.000317582,0.00391831
9973,0.00239186,0.00701264
10007,0.00239804,0.00701542
10009,0.0024423,0.00706175
10037,0.00244842,0.00706446
10039,0.00119031,0.00562116
10061,0.00119742,0.00562519
10067,0.00120452,0.00562921
10069,0.00107069,0.00547204
10079,0.00107787,0.00547619
10091,0.00108505,0.00548032
10093,-0.000578821,0.00357336
10099,0.00194623,0.0064572
10103,0.00195268,0.00646041
10111,0.00290557,0.00754588
10133,0.00291123,0.00754808
10139,0.00291687,0.00755027
10141,0.00234807,0.00689562
10151,0.00235415,0.0068984
10159,0.00378058,0.00852523
10163,0.0037855,0.0085265
10169,0.0037904,0.00852777
10177,0.00281436,0.00740759
10181,0.00282003,0.00740988
10193,0.00282569,0.00741215
10211,0.00283133,0.00741442
10223,0.00283696,0.00741668
10243,0.0043392,0.00913014
10247,0.00434361,0.00913083
10253,0.00434801,0.0091315
10259,0.0043524,0.00913218
10267,0.000398033,0.00460738
10271,0.000405548,0.00461215
10273,-0.000675163,0.00337312
10289,-0.000666816,0.00337899
10301,-0.000658487,0.00338485
10303,-0.00148392,0.00243777
10313,-0.00147496,0.00244447
10321,-0.00259229,0.00116394
10331,-0.00258248,0.00117176
10333,-0.000943063,0.00304188
10337,-0.00093457,0.003048
10343,-0.000926091,0.0030541
10357,-0.0010619,0.00289534
10369,0.000673184,0.00487446
10391,0.000680361,0.00487889
10399,0.00160668,0.00593372
10427,0.0016131,0.00593718
10429,0.00382471,0.00846095
10433,0.00382938,0.00846214
10453,0.00291458,0.00741245
10457,0.00291995,0.00741457
10459,0.00119881,0.00544374
10463,0.00120551,0.0054476
10477,0.000149518,0.00423714
10487,0.000157013,0.00424206
10499,0.000164491,0.00424697
10501,-0.000951115,0.00296865
10513,-0.00167778,0.00213487
10529,-0.0016689,0.00214163
10531,-0.00128401,0.00257802
10559,-0.00127546,0.00258436
10567,-0.000537509,0.00342423
10589,-0.000529566,0.0034298
10597,-0.00215094,0.00157333
10601,-0.00214176,0.00158053
10607,-0.0021326,0.00158771
10613,-0.00212346,0.00159487
10627,-0.0026601,0.000978382
10631,-0.00265057,0.000986064
10639,-0.00244741,0.00121499
10651,-0.00387904,-0.000423986
10657,-0.00437517,-0.000993861
10663,-0.00570997,-0.00252181
10667,-0.00569815,-0.0025111
10687,-0.00632179,-0.00322641
10691,-0.00630953,-0.00321511
10709,-0.00629729,-0.00320383
10711,-0.00611712,-0.00300071
10723,-0.00885015,-0.00612569
10729,-0.0093247,-0.00667017
10733,-0.0093102,-0.00665593
10739,-0.00929573,-0.00664171
10753,-0.00904117,-0.00635325
10771,-0.00954381,-0.00692978
10781,-0.00952921,-0.00691537
10789,-0.0104216,-0.00793697
10799,-0.0104063,-0.00792171
10831,-0.00794134,-0.00510757
10837,-0.00706483,-0.00410864
10847,-0.00705219,-0.00409676
10853,-0.00703956,-0.00408489
10859,-0.00702696,-0.00407305
10861,-0.00645845,-0.00342622
10867,-0.00767756,-0.0048213
10883,-0.00766451,-0.00480887
10889,-0.00765148,-0.00479645
10891,-0.00904126,-0.00638617
10903,-0.00858249,-0.00586449
10909,-0.00773107,-0.00489447
10937,-0.00771805,-0.00488203
10939,-0.00856222,-0.00584864
10949,-0.0085486,-0.00583541
10957,-0.00839723,-0.00566487
10973,-0.00838376,-0.00565182
10979,-0.00837031,-0.0056388
10987,-0.00939445,-0.00681079
10993,-0.00882932,-0.00616761
11003,-0.00881558,-0.00615418
11027,-0.00880186,-0.00614079
11047,-0.00690658,-0.00397816
11057,-0.00689432,-0.00396665
11059,-0.00842847,-0.00572138
11069,-0.00841509,-0.00570841
11071,-0.00823653,-0.00550679
11083,-0.00942295,-0.00686407
11087,-0.00940887,-0.00685016
11093,-0.00939482,-0.00683629
11113,-0.0133739,-0.0113827
11117,-0.013357,-0.011365
11119,-0.0145096,-0.0126828
11131,-0.0165081,-0.0149664
11149,-0.0187118,-0.0174842
11159,-0.0186909,-0.0174614
11161,-0.0196232,-0.0185269
11171,-0.0196017,-0.0185033
11173,-0.0191026,-0.0179344
11177,-0.0190816,-0.0179114
11197,-0.0177488,-0.0163907
11213,-0.0177288,-0.016369
11239,-0.0167224,-0.0152209
11243,-0.0167032,-0.0152002
11251,-0.018262,-0.0169814
11257,-0.0178584,-0.0165217
11261,-0.0178384,-0.0164999
11273,-0.0178184,-0.0164782
11279,-0.0177984,-0.0164565
11287,-0.0167054,-0.0152098
11299,-0.0177569,-0.0164115
11311,-0.0198141,-0.0187613
11317,-0.0225443,-0.021879
11321,-0.0225209,-0.0218529
11329,-0.0232396,-0.0226738
11351,-0.0232158,-0.0226471
11353,-0.0211872,-0.0203318
11369,-0.0211649,-0.0203071
11383,-0.0232024,-0.022634
11393,-0.0231788,-0.0226074
11399,-0.0231551,-0.0225809
11411,-0.0231315,-0.0225544
11423,-0.0231079,-0.0225279
11437,-0.022727,-0.0220935
11443,-0.0233556,-0.0228117
11447,-0.023332,-0.0227851
11467,-0.0243514,-0.0239493
11471,-0.024327,-0.0239218
11483,-0.0243027,-0.0238944
11489,-0.0242784,-0.023867
11491,-0.0257198,-0.0255126
11497,-0.0262055,-0.0260671
11503,-0.0255389,-0.0253064
11519,-0.0255138,-0.0252779
11527,-0.0254867,-0.0252472
11549,-0.0254617,-0.0252189
11551,-0.0264788,-0.0263799
11579,-0.0264531,-0.0263506
11587,-0.0289162,-0.0291623
11593,-0.0312936,-0.0318757
11597,-0.0312646,-0.031842
11617,-0.030603,-0.0310865
11621,-0.0305745,-0.0310535
11633,-0.030546,-0.0310206
11657,-0.0305176,-0.0309878
11677,-0.0304484,-0.0309084
11681,-0.0304201,-0.0308757
11689,-0.032306,-0.0330281
11699,-0.0322764,-0.0329938
11701,-0.0309313,-0.0314579
11717,-0.0309027,-0.0314248
11719,-0.0328505,-0.0336475
11731,-0.0340854,-0.0350563
11743,-0.0340666,-0.0350341
11777,-0.0340359,-0.0349983
11779,-0.0325877,-0.0333443
11783,-0.0325581,-0.0333099
11789,-0.0325286,-0.0332756
11801,-0.032499,-0.0332413
11807,-0.0324696,-0.0332071
11813,-0.0324401,-0.0331729
11821,-0.030542,-0.0310061
11827,-0.0301221,-0.0305265
11831,-0.0300944,-0.0304945
11833,-0.0314732,-0.0320675
11839,-0.030657,-0.0311358
11863,-0.0300784,-0.030475
11867,-0.0300508,-0.0304432
11887,-0.0323322,-0.0330464
11897,-0.0323031,-0.0330126
11903,-0.032274,-0.0329788
11909,-0.032245,-0.0329451
11923,-0.0322032,-0.0328969
11927,-0.0321743,-0.0328633
11933,-0.0321454,-0.0328298
11939,-0.0321165,-0.0327963
11941,-0.0330119,-0.0338172
11953,-0.0339889,-0.0349312
11959,-0.0351097,-0.036209
11969,-0.0350789,-0.0361729
11971,-0.0351883,-0.0362968
11981,-0.0351574,-0.0362608
11987,-0.0351266,-0.0362248
12007,-0.0350073,-0.0360878
12011,-0.0349766,-0.036052
12037,-0.0356785,-0.0368518
12041,-0.0356475,-0.0368154
12043,-0.0352283,-0.0363364
12049,-0.0348573,-0.0359125
12071,-0.0348269,-0.0358769
12073,-0.0343682,-0.0353528
12097,-0.0343569,-0.0353392
12101,-0.0343269,-0.0353042
12107,-0.0342969,-0.0352692
12109,-0.0356653,-0.0368291
12113,-0.0356344,-0.036793
12119,-0.0356036,-0.036757
12143,-0.0355729,-0.036721
12149,-0.0355422,-0.0366851
12157,-0.0333685,-0.0342053
12161,-0.0333394,-0.0341714
12163,-0.033149,-0.0339537
12197,-0.03312,-0.03392
12203,-0.0330911,-0.0338864
12211,-0.0339488,-0.0348639
12227,-0.0339194,-0.0348296
12239,-0.03389,-0.0347954
12241,-0.0351317,-0.0362107
12251,-0.0351015,-0.0361755
12253,-0.0340514,-0.0349772
12263,-0.034022,-0.0349429
12269,-0.0339926,-0.0349088
12277,-0.0361885,-0.0374117
12281,-0.0361577,-0.0373756
12289,-0.0378943,-0.0393545
12301,-0.0391417,-0.0407756
12323,-0.039109,-0.040737
12329,-0.0390763,-0.0406985
12343,-0.0404477,-0.0422609
12347,-0.0404142,-0.0422213
12373,-0.0389206,-0.0405168
12377,-0.0388881,-0.0404786
12379,-0.0419852,-0.0440083
12391,-0.0417209,-0.0437054
12401,-0.0416867,-0.0436648
12409,-0.0433984,-0.0456148
12413,-0.043363,-0.0455728
12421,-0.0413413,-0.0432664
12433,-0.0393795,-0.0410284
12437,-0.0393469,-0.0409901
12451,-0.0387286,-0.040284
12457,-0.0399983,-0.0417301
12473,-0.0399654,-0.0416913
12479,-0.0399326,-0.0416525
12487,-0.0369513,-0.038253
12491,-0.0369205,-0.0382169
12497,-0.0368898,-0.0381809
12503,-0.0368591,-0.0381449
12511,-0.038844,-0.0404061
12517,-0.0402847,-0.0420467
12527,-0.0402518,-0.0420079
12539,-0.0402189,-0.0419691
12541,-0.0405772,-0.042376
12547,-0.041914,-0.0438979
12553,-0.0419946,-0.0439883
12569,-0.0419607,-0.0439481
12577,-0.0423073,-0.0443415
12583,-0.0426185,-0.0446946
12589,-0.042596,-0.0446674
12601,-0.0439435,-0.046201
12611,-0.0439084,-0.0461593
12613,-0.0437471,-0.0459738
12619,-0.042307,-0.0443317
12637,-0.041444,-0.0433469
12641,-0.0414107,-0.0433075
12647,-0.0413774,-0.0432682
12653,-0.0413442,-0.0432289
12659,-0.041311,-0.0431896
12671,-0.0412778,-0.0431504
12689,-0.0412447,-0.0431113
12697,-0.0402409,-0.0419665
12703,-0.0394338,-0.0410458
12713,-0.039402,-0.0410084
12721,-0.0414393,-0.0433278
12739,-0.0423739,-0.044391
12743,-0.0423403,-0.0443511
12757,-0.0422623,-0.0442608
12763,-0.0435452,-0.0457205
12781,-0.0431161,-0.0452302
12791,-0.043082,-0.0451898
12799,-0.042145,-0.0441209
12809,-0.0421116,-0.0440814
12821,-0.0420783,-0.0440419
12823,-0.0420536,-0.0440124
12829,-0.0405989,-0.0423542
12841,-0.0391478,-0.0407002
12853,-0.0413717,-0.0432319
12889,-0.0418968,-0.0438286
12893,-0.0418637,-0.0437895
12899,-0.0418307,-0.0437505
12907,-0.0431151,-0.0452121
12911,-0.0430813,-0.045172
12917,-0.0430476,-0.0451321
12919,-0.0418431,-0.0437588
12923,-0.0418102,-0.0437199
12941,-0.0417774,-0.0436811
12953,-0.0417446,-0.0436424
12959,-0.0417118,-0.0436037
12967,-0.0409382,-0.0427213
12973,-0.0400951,-0.04176
12979,-0.0380864,-0.0394715
12983,-0.0380561,-0.039436
13001,-0.0380259,-0.0394006
13003,-0.0392261,-0.0407661
13007,-0.0391951,-0.0407297
13009,-0.0365225,-0.037686
13033,-0.0358285,-0.036895
13037,-0.0357998,-0.0368616
13043,-0.0357712,-0.0368282
13049,-0.0357425,-0.0367948
13063,-0.0353673,-0.0363668
13093,-0.0370903,-0.0383279
13099,-0.0367165,-0.0379014
13103,-0.0366873,-0.0378673
13109,-0.0366582,-0.0378333
13121,-0.0366291,-0.0377993
13127,-0.0366001,-0.0377654
13147,-0.0394437,-0.041002
13151,-0.039413,-0.0409658
13159,-0.0402408,-0.0419072
13163,-0.0402096,-0.0418704
13171,-0.0395069,-0.0410693
13177,-0.036762,-0.0379438
13183,-0.0380079,-0.039361
13187,-0.0379781,-0.0393262
13217,-0.0379484,-0.0392914
13219,-0.0367336,-0.0379077
13229,-0.0367047,-0.0378739
13241,-0.0366759,-0.0378403
13249,-0.0379284,-0.0392651
13259,-0.0378988,-0.0392304
13267,-0.0368179,-0.0379991
13291,-0.0375824,-0.0388685
13297,-0.0397435,-0.0413275
13309,-0.0397304,-0.0413114
13313,-0.0396998,-0.0412754
13327,-0.039732,-0.041311
13331,-0.0397014,-0.0412751
13337,-0.0396709,-0.0412392
13339,-0.0387295,-0.0401667
13367,-0.0386996,-0.0401316
13381,-0.0377576,-0.0390585
13397,-0.0377284,-0.0390243
13399,-0.0367241,-0.0378803
13411,-0.0373567,-0.0385995
13417,-0.0378267,-0.0391335
13421,-0.0377976,-0.0390994
13441,-0.0380369,-0.0393709
13451,-0.0380076,-0.0393366
13457,-0.0379784,-0.0393024
13463,-0.0379492,-0.0392682
13469,-0.03792,-0.0392341
13477,-0.037478,-0.0387301
13487,-0.0374492,-0.0386964
13499,-0.0374204,-0.0386628
13513,-0.0377805,-0.0390717
13523,-0.0377515,-0.0390378
13537,-0.0392441,-0.0407355
13553,-0.0392143,-0.0407005
13567,-0.0384679,-0.03985
13577,-0.0384386,-0.0398156
13591,-0.0391093,-0.040578
13597,-0.0384618,-0.0398401
13613,-0.0384326,-0.0398058
13619,-0.0384034,-0.0397716
13627,-0.0390213,-0.0404738
13633,-0.0383183,-0.0396728
13649,-0.0382892,-0.0396388
13669,-0.0385304,-0.0399123
13679,-0.0385012,-0.0398781
13681,-0.0374304,-0.0386586
13687,-0.0385519,-0.0399339
13691,-0.0385228,-0.0398998
13693,-0.0399093,-0.0414765
13697,-0.0398794,-0.0414413
13709,-0.0398495,-0.0414062
13711,-0.0384339,-0.0397946
13721,-0.0384049,-0.0397607
13723,-0.0368521,-0.0379932
13729,-0.0367942,-0.0379267
13751,-0.0367664,-0.0378942
13757,-0.0367385,-0.0378617
13759,-0.0386654,-0.0400528
13763,-0.0386364,-0.0400189
13781,-0.0386075,-0.039985
13789,-0.0374793,-0.0387007
13799,-0.0374511,-0.0386678
13807,-0.0395439,-0.0410475
13829,-0.0395145,-0.041013
13831,-0.0402878,-0.0418915
13841,-0.040258,-0.0418565
13859,-0.0402282,-0.0418215
13873,-0.0390789,-0.0405129
13877,-0.0390499,-0.0404789
13879,-0.0405764,-0.0422143
13883,-0.0405465,-0.0421792
13901,-0.0405167,-0.0421441
13903,-0.03906,-0.0404862
13907,-0.0390311,-0.0404523
13913,-0.0390022,-0.0404185
13921,-0.0386851,-0.0400569
13931,-0.0386564,-0.0400234
13933,-0.0364929,-0.0375622
13963,-0.0339502,-0.0346697
13967,-0.0339244,-0.03464
13997,-0.0338988,-0.0346103
13999,-0.0335763,-0.0342431
14009,-0.0335509,-0.0342137
14011,-0.0309533,-0.0312592
14029,-0.030686,-0.0309551
14033,-0.0306624,-0.030928
14051,-0.0306388,-0.030901
14057,-0.0306152,-0.030874
14071,-0.0306626,-0.0309277
14081,-0.0306391,-0.0309008
14083,-0.0317168,-0.0321262
14087,-0.0316927,-0.0320984
14107,-0.031369,-0.0317301
14143,-0.0303051,-0.0305197
14149,-0.030076,-0.0302591
14153,-0.0300529,-0.0302327
14159,-0.0300298,-0.0302063
14173,-0.0299866,-0.0301571
14177,-0.0299636,-0.0301308
14197,-0.0317686,-0.0321834
14207,-0.0317446,-0.0321558
14221,-0.0328219,-0.0333807
14243,-0.0327973,-0.0333524
14249,-0.0327727,-0.033324
14251,-0.031779,-0.0321936
14281,-0.0312207,-0.0315582
14293,-0.033134,-0.0337343
14303,-0.0331093,-0.0337058
14321,-0.0330846,-0.0336773
14323,-0.0324719,-0.0329799
14327,-0.0324476,-0.032952
14341,-0.0327847,-0.033335
14347,-0.0328694,-0.0334311
14369,-0.032845,-0.0334028
14387,-0.0328205,-0.0333747
14389,-0.0328847,-0.0334473
14401,-0.0314384,-0.0318019
14407,-0.0319414,-0.0323738
14411,-0.0319176,-0.0323464
14419,-0.0333794,-0.0340085
14423,-0.0333547,-0.0339801
14431,-0.0348742,-0.0357076
14437,-0.0332185,-0.0338242
14447,-0.033194,-0.0337959
14449,-0.0323518,-0.0328379
14461,-0.0341906,-0.0349284
14479,-0.0343323,-0.0350891
14489,-0.0343072,-0.03506
14503,-0.0332905,-0.0339034
14519,-0.033266,-0.0338751
14533,-0.0334893,-0.0341287
14537,-0.0334648,-0.0341004
14543,-0.0334403,-0.0340721
14549,-0.0334158,-0.0340438
14551,-0.0309967,-0.031293
14557,-0.0305113,-0.030741
14561,-0.0304886,-0.030715
14563,-0.029538,-0.0296342
14591,-0.0295159,-0.029609
14593,-0.029803,-0.0299354
14621,-0.0297808,-0.02991
14627,-0.0297586,-0.0298846
14629,-0.030674,-0.0309253
14633,-0.0306513,-0.0308993
14639,-0.0306286,-0.0308733
14653,-0.0305866,-0.0308255
14657,-0.030564,-0.0307996
14669,-0.0305414,-0.0307737
14683,-0.0307402,-0.0309996
14699,-0.0307175,-0.0309736
14713,-0.0299679,-0.0301212
14717,-0.0299457,-0.0300959
14723,-0.0299235,-0.0300706
14731,-0.0288758,-0.0288796
14737,-0.0273713,-0.0271695
14741,-0.0273507,-0.0271461
14747,-0.0273301,-0.0271229
14753,-0.0273095,-0.0270996
14759,-0.0272889,-0.0270764
14767,-0.0270883,-0.0268485
14771,-0.0270679,-0.0268254
14779,-0.0281951,-0.0281066
14783,-0.0281741,-0.0280828
14797,-0.0289659,-0.0289826
14813,-0.0289445,-0.0289582
14821,-0.0307024,-0.0309558
14827,-0.0304517,-0.0306708
14831,-0.0304295,-0.0306454
14843,-0.0304073,-0.03062
14851,-0.0312884,-0.0316211
14867,-0.0312658,-0.0315951
14869,-0.0313186,-0.0316549
14879,-0.031296,-0.031629
14887,-0.0311699,-0.0314856
14891,-0.0311474,-0.0314597
14897,-0.0311248,-0.0314339
14923,-0.030488,-0.0307102
14929,-0.0307084,-0.0309604
14939,-0.0306862,-0.030935
14947,-0.0293743,-0.0294444
14951,-0.0293528,-0.02942
14957,-0.0293314,-0.0293956
14969,-0.02931,-0.0293713
14983,-0.0293503,-0.029417
15013,-0.0297425,-0.0298625
15017,-0.0297209,-0.0298379
15031,-0.0284271,-0.028368
15053,-0.0284063,-0.0283444
15061,-0.0289419,-0.0289529
15073,-0.0307715,-0.0310317
15077,-0.0307494,-0.0310064
15083,-0.0307273,-0.0309811
15091,-0.0314267,-0.0317755
15101,-0.0314042,-0.0317498
15107,-0.0313818,-0.0317242
15121,-0.0314487,-0.0317999
15131,-0.0314263,-0.0317742
15137,-0.0314039,-0.0317486
15139,-0.0330815,-0.033654
15149,-0.0330582,-0.0336272
15161,-0.033035,-0.0336004
15173,-0.0330117,-0.0335736
15187,-0.0327049,-0.0332247
15193,-0.0339723,-0.0346641
15199,-0.0347709,-0.0355708
15217,-0.0346485,-0.0354312
15227,-0.0346245,-0.0354034
15233,-0.0346005,-0.0353756
15241,-0.0328297,-0.0333637
15259,-0.032857,-0.0333945
15263,-0.032834,-0.033368
15269,-0.0328111,-0.0333416
15271,-0.0322929,-0.0327527
15277,-0.0328352,-0.0333684
15287,-0.0328123,-0.033342
15289,-0.03428,-0.0350084
15299,-0.0342563,-0.034981
15307,-0.0345502,-0.0353144
15313,-0.0348191,-0.0356192
15319,-0.034678,-0.0354585
15329,-0.0346541,-0.0354309
15331,-0.0330687,-0.0336302
15349,-0.033996,-0.0346829
15359,-0.0339726,-0.0346558
15361,-0.0345051,-0.03526
15373,-0.0365038,-0.0375289
15377,-0.036479,-0.0375001
15383,-0.0364542,-0.0374713
15391,-0.0360077,-0.0369637
15401,-0.0359832,-0.0369353
15413,-0.0359588,-0.036907
15427,-0.0371195,-0.0382241
15439,-0.036819,-0.0378823
15443,-0.0367942,-0.0378534
15451,-0.0361363,-0.037106
15461,-0.0361119,-0.0370776
15467,-0.0360874,-0.0370492
15473,-0.036063,-0.0370209
15493,-0.0344515,-0.0351909
15497,-0.0344281,-0.0351638
15511,-0.0364334,-0.0374398
15527,-0.0364089,-0.0374113
15541,-0.037872,-0.0390716
15551,-0.0378467,-0.0390422
15559,-0.0389426,-0.0402855
15569,-0.0389167,-0.0402553
15581,-0.0388909,-0.0402251
15583,-0.0373253,-0.0384471
15601,-0.0377933,-0.0389778
15607,-0.0392377,-0.0406166
15619,-0.0381657,-0.0393989
15629,-0.0381404,-0.0393693
15641,-0.0381151,-0.0393398
15643,-0.0391481,-0.0405117
15647,-0.0391223,-0.0404815
15649,-0.0382279,-0.0394656
15661,-0.0388335,-0.0401521
15667,-0.0376023,-0.038754
15671,-0.0375774,-0.038725
15679,-0.0384447,-0.0397086
15683,-0.0384194,-0.0396791
15727,-0.0387526,-0.0400565
15731,-0.0387271,-0.0400267
15733,-0.0356933,-0.0365829
15737,-0.0356695,-0.0365553
15739,-0.035081,-0.0358869
15749,-0.0350576,-0.0358598
15761,-0.0350341,-0.0358327
15767,-0.0350108,-0.0358057
15773,-0.0349874,-0.0357787
15787,-0.0343898,-0.0351001
15791,-0.0343669,-0.0350736
15797,-0.0343439,-0.0350471
15803,-0.034321,-0.0350207
15809,-0.034298,-0.0349942
15817,-0.0351881,-0.0360036
15823,-0.0358356,-0.0367377
15859,-0.0363307,-0.0372989
15877,-0.0355887,-0.0364564
15881,-0.0355652,-0.0364291
15887,-0.0355417,-0.036402
15889,-0.0351737,-0.0359839
15901,-0.0368052,-0.0378345
15907,-0.0377484,-0.038904
15913,-0.0370746,-0.0381389
15919,-0.0358179,-0.0367125
15923,-0.0357943,-0.0366852
15937,-0.0360362,-0.0369591
15959,-0.0360126,-0.0369317
15971,-0.035989,-0.0369044
15973,-0.0351738,-0.035979
15991,-0.0333074,-0.0338611
16001,-0.0332853,-0.0338357
16007,-0.0332632,-0.0338103
16033,-0.0344352,-0.0351396
16057,-0.0325681,-0.0330207
16061,-0.0325465,-0.0329959
16063,-0.0331298,-0.0336574
16067,-0.0331078,-0.0336321
16069,-0.0329523,-0.0334554
16073,-0.0329305,-0.0334304
16087,-0.032395,-0.0328226
16091,-0.0323735,-0.0327979
16097,-0.032352,-0.0327733
16103,-0.0323305,-0.0327487
16111,-0.0313577,-0.031645
16127,-0.0313368,-0.0316212
16139,-0.0313159,-0.0315973
16141,-0.0307086,-0.0309083
16183,-0.0305796,-0.0307618
16187,-0.0305592,-0.0307385
16189,-0.0299186,-0.0300118
16193,-0.0298985,-0.029989
16217,-0.0298785,-0.0299662
16223,-0.0298585,-0.0299434
16229,-0.0298385,-0.0299207
16231,-0.0287219,-0.0286542
16249,-0.0289137,-0.0288718
16253,-0.0288942,-0.0288497
16267,-0.0296716,-0.0297315
16273,-0.0290573,-0.0290347
16301,-0.0290378,-0.0290126
16319,-0.0290183,-0.0289905
16333,-0.0300958,-0.0302129
16339,-0.0304775,-0.0306457
16349,-0.0304573,-0.0306227
16361,-0.0304371,-0.0305997
16363,-0.028838,-0.0287858
16369,-0.0286852,-0.0286125
16381,-0.0296547,-0.0297121
16411,-0.0307272,-0.0309288
16417,-0.0298969,-0.0299868
16421,-0.0298771,-0.0299643
16427,-0.0298573,-0.0299418
16433,-0.0298375,-0.0299193
16447,-0.0313453,-0.0316294
16451,-0.0313248,-0.031606
16453,-0.0296372,-0.0296919
16477,-0.028932,-0.0288921
16481,-0.0289128,-0.0288703
16487,-0.0288936,-0.0288485
16493,-0.0288744,-0.0288268
16519,-0.0283141,-0.0281913
16529,-0.0282952,-0.02817
16547,-0.0282764,-0.0281487
16553,-0.0282575,-0.0281274
16561,-0.029876,-0.029963
16567,-0.0301413,-0.0302639
16573,-0.0289283,-0.0288882
16603,-0.0283221,-0.0282006
16607,-0.0283033,-0.0281794
16619,-0.0282846,-0.0281582
16631,-0.0282658,-0.028137
16633,-0.0266098,-0.026259
16649,-0.026592,-0.026239
16651,-0.0269162,-0.0266069
16657,-0.0260099,-0.0255792
16661,-0.0259924,-0.0255596
16673,-0.0259749,-0.0255401
16691,-0.0259574,-0.0255205
16693,-0.0258565,-0.0254063
16699,-0.0248845,-0.0243044
16703,-0.0248677,-0.0242856
16729,-0.0242488,-0.0235842
16741,-0.0240675,-0.0233789
16747,-0.0223823,-0.0214684
16759,-0.0211287,-0.0200474
16763,-0.0211138,-0.0200311
16787,-0.021099,-0.0200149
16811,-0.0210841,-0.0199987
16823,-0.0210693,-0.0199825
16829,-0.0210545,-0.0199663
16831,-0.0193687,-0.0180553
16843,-0.0211127,-0.0200338
16871,-0.0210979,-0.0200177
16879,-0.0211227,-0.0200464
16883,-0.0211079,-0.0200302
16889,-0.0210931,-0.0200141
16901,-0.0210783,-0.019998
16903,-0.0204088,-0.0192394
16921,-0.0195918,-0.0183136
16927,-0.0185934,-0.0171822
16931,-0.01858,-0.0171678
16937,-0.0185666,-0.0171534
16943,-0.0185531,-0.017139
16963,-0.0177453,-0.0162238
16979,-0.0177323,-0.01621
16981,-0.0185409,-0.0171277
16987,-0.0181462,-0.016681
16993,-0.0185223,-0.0171082
17011,-0.019112,-0.0177776
17021,-0.0190983,-0.0177629
17027,-0.0190847,-0.0177482
17029,-0.0180486,-0.0165743
17033,-0.0180355,-0.0165604
17041,-0.0184645,-0.0170476
17047,-0.0193467,-0.0180484
17053,-0.0179016,-0.0164111
17077,-0.0187423,-0.017365
17093,-0.0187289,-0.0173506
17099,-0.0187155,-0.0173362
17107,-0.0178683,-0.0163766
17117,-0.0178554,-0.0163628
17123,-0.0178425,-0.016349
17137,-0.0192301,-0.017923
17159,-0.0192166,-0.0179083
17167,-0.0206837,-0.0195724
17183,-0.0206694,-0.0195568
17189,-0.0206551,-0.0195412
17191,-0.0197674,-0.0185355
17203,-0.0209094,-0.0198308
17207,-0.020895,-0.0198151
17209,-0.020896,-0.0198168
17231,-0.0208816,-0.0198011
17239,-0.0226111,-0.0217622
17257,-0.023342,-0.0225912
17291,-0.0233264,-0.022574
17293,-0.0227637,-0.0219366
17299,-0.0245798,-0.0239957
17317,-0.0243561,-0.0237425
17321,-0.0243401,-0.0237247
17327,-0.024324,-0.0237069
17333,-0.024308,-0.0236891
17341,-0.0260567,-0.0256717
17351,-0.0260399,-0.0256528
17359,-0.0258789,-0.0254706
17377,-0.0269259,-0.0266576
17383,-0.027498,-0.0273062
17387,-0.0274804,-0.0272864
17389,-0.0255527,-0.0251017
17393,-0.0255362,-0.0250831
17401,-0.0258544,-0.0254441
17417,-0.0258378,-0.0254254
17419,-0.0262699,-0.0259155
17431,-0.0259748,-0.0255812
17443,-0.027364,-0.0271558
17449,-0.028614,-0.0285726
17467,-0.02806,-0.0279447
17471,-0.0280423,-0.0279247
17477,-0.0280246,-0.0279047
17483,-0.0280069,-0.0278847
17489,-0.0279892,-0.0278647
17491,-0.0273396,-0.0271288
17497,-0.0275927,-0.0274157
17509,-0.0291979,-0.0292346
17519,-0.0291797,-0.0292139
17539,-0.0283526,-0.0282767
17551,-0.0285523,-0.0285031
17569,-0.0296813,-0.0297824
17573,-0.0296628,-0.0297615
17579,-0.0296444,-0.0297405
17581,-0.0292817,-0.0293294
17597,-0.0292635,-0.0293088
17599,-0.029339,-0.0293944
17609,-0.0293208,-0.0293737
17623,-0.0294757,-0.0295492
17627,-0.0294575,-0.0295285
17657,-0.0294392,-0.0295078
17659,-0.0292362,-0.0292777
17669,-0.0292181,-0.0292572
17681,-0.0292,-0.0292367
17683,-0.0286465,-0.0286095
17707,-0.0296109,-0.0297022
17713,-0.0285409,-0.0284899
17729,-0.0285232,-0.0284699
17737,-0.0279007,-0.0277645
17747,-0.0278833,-0.0277449
17749,-0.0279391,-0.0278082
17761,-0.0262013,-0.0258394
17783,-0.0261848,-0.0258209
17789,-0.0261683,-0.0258024
17791,-0.0264529,-0.026125
17807,-0.0264362,-0.0261064
17827,-0.0288329,-0.0288221
17837,-0.0288152,-0.0288019
17839,-0.0300257,-0.0301735
17851,-0.0306144,-0.0308403
17863,-0.032439,-0.0329074
17881,-0.0318208,-0.0322067
17891,-0.0318016,-0.0321848
17903,-0.0317825,-0.0321629
17909,-0.0317633,-0.032141
17911,-0.0310017,-0.0312779
17921,-0.0309829,-0.0312565
17923,-0.0291702,-0.0292028
17929,-0.0304739,-0.0306797
17939,-0.0304555,-0.0306587
17957,-0.0304371,-0.0306377
17959,-0.0292082,-0.0292456
17971,-0.030022,-0.0301674
17977,-0.0305086,-0.0307184
17981,-0.0304901,-0.0306975
17987,-0.0304717,-0.0306765
17989,-0.0302653,-0.0304426
18013,-0.0318121,-0.0321945
18041,-0.0317931,-0.0321728
18043,-0.0325451,-0.0330244
18047,-0.0325257,-0.0330022
18049,-0.030834,-0.0310859
18059,-0.0308155,-0.0310648
18061,-0.0292551,-0.0292974
18077,-0.0292374,-0.0292773
18089,-0.0292197,-0.0292572
18097,-0.0284885,-0.0284291
18119,-0.0284712,-0.0284096
18121,-0.0280814,-0.0279681
18127,-0.0285323,-0.0284788
18131,-0.028515,-0.0284592
18133,-0.0278397,-0.0276945
18143,-0.0278227,-0.0276754
18149,-0.0278058,-0.0276563
18169,-0.0291293,-0.0291552
18181,-0.0296842,-0.0297835
18191,-0.0296664,-0.0297633
18199,-0.0306367,-0.0308621
18211,-0.0313001,-0.0316132
18217,-0.0321098,-0.0325299
18223,-0.0312028,-0.0315027
18229,-0.031846,-0.0322308
18233,-0.0318272,-0.0322093
18251,-0.0318084,-0.0321879
18253,-0.0318888,-0.0322786
18257,-0.03187,-0.0322572
18269,-0.0318512,-0.0322357
18287,-0.0318325,-0.0322143
18289,-0.0328023,-0.0333121
18301,-0.0336292,-0.0342481
18307,-0.0341994,-0.0348932
18311,-0.0341796,-0.0348704
18313,-0.0346462,-0.0353983
18329,-0.0346262,-0.0353752
18341,-0.0346062,-0.0353522
18353,-0.0345862,-0.0353292
18367,-0.0351101,-0.0359219
18371,-0.0350899,-0.0358986
18379,-0.0346455,-0.0353952
18397,-0.0357354,-0.0366286
18401,-0.0357149,-0.0366049
18413,-0.0356945,-0.0365813
18427,-0.0377695,-0.0389299
18433,-0.0375037,-0.0386284
18439,-0.0369819,-0.0380371
18443,-0.0369609,-0.0380128
18451,-0.0378567,-0.0390262
18457,-0.0370969,-0.0381656
18461,-0.0370759,-0.0381412
18481,-0.0377064,-0.0388543
18493,-0.0372514,-0.0383386
18503,-0.0372303,-0.0383142
18517,-0.0384671,-0.0397136
18521,-0.0384455,-0.0396885
18523,-0.0375167,-0.0386366
18539,-0.0374956,-0.0386121
18541,-0.0386364,-0.0399027
18553,-0.0386157,-0.0398786
18583,-0.0379727,-0.03915
18587,-0.0379514,-0.0391253
18593,-0.0379301,-0.0391006
18617,-0.0379088,-0.0390759
18637,-0.0373665,-0.0384614
18661,-0.0375372,-0.038654
18671,-0.0375162,-0.0386296
18679,-0.0370425,-0.0380929
18691,-0.0368112,-0.0378305
18701,-0.0367906,-0.0378065
18713,-0.0367699,-0.0377826
18719,-0.0367493,-0.0377587
18731,-0.0367287,-0.0377349
18743,-0.0367081,-0.037711
18749,-0.0366875,-0.0376872
18757,-0.0362357,-0.0371753
18773,-0.0362154,-0.0371518
18787,-0.0345542,-0.0352708
18793,-0.0340125,-0.0346573
18797,-0.0339932,-0.0346351
18803,-0.033974,-0.034613
18839,-0.0339548,-0.0345909
18859,-0.0337387,-0.034346
18869,-0.0337196,-0.034324
18899,-0.0337005,-0.0343021
18911,-0.0336815,-0.0342802
18913,-0.0323686,-0.0327935
18917,-0.0323501,-0.0327725
18919,-0.0309075,-0.0311392
18947,-0.0308898,-0.031119
18959,-0.0308721,-0.0310989
18973,-0.0306764,-0.0308771
18979,-0.028957,-0.0289304
19001,-0.0289402,-0.0289115
19009,-0.0296231,-0.0296846
19013,-0.029606,-0.0296652
19031,-0.0295889,-0.0296459
19037,-0.0295719,-0.0296266
19051,-0.0303224,-0.0304762
19069,-0.0316829,-0.0320164
19073,-0.0316649,-0.0319959
19079,-0.031647,-0.0319754
19081,-0.0306464,-0.0308426
19087,-0.0297931,-0.0298766
19121,-0.0297761,-0.0298572
19139,-0.029759,-0.0298379
19141,-0.0300472,-0.030164
19157,-0.03003,-0.0301445
19163,-0.0300129,-0.0301251
19181,-0.0299957,-0.0301056
19183,-0.0295374,-0.0295867
19207,-0.0283608,-0.0282546
19211,-0.0283445,-0.0282361
19213,-0.0278521,-0.0276787
19219,-0.0290631,-0.0290497
19231,-0.0288424,-0.0288
19237,-0.0280348,-0.0278858
19249,-0.0268037,-0.0264922
19259,-0.0267881,-0.0264747
19267,-0.0274893,-0.0272687
19273,-0.0275946,-0.027388
19289,-0.0275787,-0.0273701
19301,-0.0275628,-0.0273522
19309,-0.0280246,-0.027875
19319,-0.0280085,-0.0278569
19333,-0.0268239,-0.026516
19373,-0.0268084,-0.0264986
19379,-0.0267929,-0.0264812
19381,-0.0262092,-0.0258206
19387,-0.0279947,-0.027842
19391,-0.0279786,-0.0278239
19403,-0.0279626,-0.0278059
19417,-0.0276059,-0.0274022
19421,-0.0275901,-0.0273844
19423,-0.0297317,-0.0298085
19427,-0.029715,-0.0297895
19429,-0.0304149,-0.0305817
19433,-0.0303978,-0.0305623
19441,-0.0296877,-0.0297585
19447,-0.030494,-0.0306709
19457,-0.0304769,-0.0306515
19463,-0.0304599,-0.0306321
19469,-0.0304428,-0.0306127
19471,-0.0314018,-0.0316979
19477,-0.0317094,-0.0320458
19483,-0.0315012,-0.0318099
19489,-0.0307585,-0.0309695
19501,-0.0307994,-0.0310156
19507,-0.0301554,-0.0302869
19531,-0.0309163,-0.0311478
19541,-0.0308991,-0.0311282
19543,-0.0300355,-0.030151
19553,-0.0300188,-0.030132
19559,-0.030002,-0.030113
19571,-0.0299853,-0.030094
19577,-0.0299686,-0.030075
19583,-0.0299519,-0.0300561
19597,-0.0301771,-0.0303109
19603,-0.0299741,-0.0300811
19609,-0.0290911,-0.0290821
19661,-0.0290748,-0.0290637
19681,-0.0271208,-0.0268526
19687,-0.0271374,-0.0268715
19697,-0.027122,-0.0268543
19699,-0.0271003,-0.0268298
19709,-0.027085,-0.0268126
19717,-0.0257538,-0.0253065
19727,-0.025739,-0.0252901
19739,-0.0257243,-0.0252737
19751,-0.0257096,-0.0252573
19753,-0.0261402,-0.0257446
19759,-0.0266186,-0.0262861
19763,-0.0266035,-0.0262692
19777,-0.0269469,-0.0266578
19793,-0.0269317,-0.0266408
19801,-0.0271232,-0.0268576
19813,-0.0265809,-0.0262442
19819,-0.0257353,-0.0252878
19841,-0.0257207,-0.0252715
19843,-0.0266229,-0.0262924
19853,-0.0266079,-0.0262756
19861,-0.0269196,-0.0266284
19867,-0.0251601,-0.0246381
19889,-0.0251458,-0.0246221
19891,-0.0248295,-0.0242646
19913,-0.0248153,-0.0242488
19919,-0.0248011,-0.0242331
19927,-0.0248278,-0.0242635
19937,-0.0248137,-0.0242478
19949,-0.0247995,-0.0242321
19961,-0.0247854,-0.0242164
19963,-0.0245892,-0.0239947
19973,-0.0245751,-0.0239791
19979,-0.0245611,-0.0239636
19991,-0.0245471,-0.0239481
19993,-0.0240151,-0.0233466
19997,-0.0240014,-0.0233313
20011,-0.0243582,-0.0237353
20021,-0.0243443,-0.0237199
20023,-0.023878,-0.0231928
20029,-0.0249652,-0.0244228
20047,-0.0241284,-0.0234766
20051,-0.0241146,-0.0234613
20063,-0.0241009,-0.0234461
20071,-0.0236751,-0.0229649
20089,-0.0229776,-0.0221763
20101,-0.0243811,-0.0237642
20107,-0.024187,-0.023545
20113,-0.0240035,-0.0233377
20117,-0.0239898,-0.0233226
20123,-0.0239762,-0.0233075
20129,-0.0239626,-0.0232924
20143,-0.0248075,-0.0242483
20147,-0.0247935,-0.0242327
20149,-0.0246088,-0.0240241
20161,-0.0234593,-0.0227246
20173,-0.0245319,-0.0239379
20177,-0.0245181,-0.0239225
20183,-0.0245043,-0.0239072
20201,-0.0244905,-0.0238919
20219,-0.0244767,-0.0238766
20231,-0.0244629,-0.0238613
20233,-0.0246808,-0.024108
20249,-0.024667,-0.0240926
20261,-0.0246531,-0.0240773
20269,-0.0244263,-0.023821
20287,-0.0251064,-0.0245903
20297,-0.0250924,-0.0245748
20323,-0.0247796,-0.0242214
20327,-0.0247658,-0.024206
20333,-0.024752,-0.0241906
20341,-0.0251534,-0.0246448
20347,-0.0244818,-0.0238857
20353,-0.0252505,-0.0247551
20357,-0.0252365,-0.0247395
20359,-0.0253995,-0.0249241
20369,-0.0253854,-0.0249084
20389,-0.0267078,-0.0264037
20393,-0.0266931,-0.0263873
20399,-0.0266785,-0.026371
20407,-0.025832,-0.0254141
20411,-0.0258178,-0.0253982
20431,-0.0264974,-0.0261668
20441,-0.0264829,-0.0261506
20443,-0.0260687,-0.0256824
20477,-0.0260544,-0.0256664
20479,-0.0267337,-0.0264347
20483,-0.0267192,-0.0264184
20507,-0.0267046,-0.026402
20509,-0.0269638,-0.0266952
20521,-0.0265023,-0.0261737
20533,-0.0272833,-0.0270567
20543,-0.0272685,-0.0270401
20549,-0.0272537,-0.0270235
20551,-0.0283957,-0.0283146
20563,-0.0290297,-0.0290314
20593,-0.0283329,-0.0282436
20599,-0.0291787,-0.0291998
20611,-0.0272537,-0.0270235
20627,-0.027239,-0.027007
20639,-0.0272243,-0.0269905
20641,-0.0282264,-0.0281235
20663,-0.0282113,-0.0281065
20681,-0.0281962,-0.0280895
20693,-0.0281811,-0.0280725
20707,-0.0283754,-0.0282921
20717,-0.0283602,-0.028275
20719,-0.0287344,-0.0286981
20731,-0.0289632,-0.0289568
20743,-0.0284117,-0.0283333
20747,-0.0283965,-0.0283162
20749,-0.0283693,-0.0282855
20753,-0.0283542,-0.0282685
20759,-0.0283392,-0.0282515
20771,-0.0283241,-0.0282345
20773,-0.0283912,-0.0283103
20789,-0.0283761,-0.0282933
20807,-0.028361,-0.0282763
20809,-0.0290577,-0.0290639
20849,-0.0290424,-0.0290465
20857,-0.0296711,-0.0297573
20873,-0.0296555,-0.0297396
20879,-0.0296399,-0.0297219
20887,-0.0283487,-0.0282622
20897,-0.0283337,-0.0282453
20899,-0.0283514,-0.0282654
20903,-0.0283364,-0.0282484
20921,-0.0283214,-0.0282316
20929,-0.0275872,-0.0274017
20939,-0.0275726,-0.0273853
20947,-0.0283355,-0.0282477
20959,-0.0290615,-0.0290684
20963,-0.0290463,-0.0290511
20981,-0.029031,-0.0290339
20983,-0.0284195,-0.0283427
21001,-0.0281062,-0.0279887
21011,-0.0280914,-0.027972
21013,-0.0288478,-0.0288269
21017,-0.0288327,-0.0288098
21019,-0.0303619,-0.0305382
21023,-0.0303461,-0.0305203
21031,-0.0299512,-0.0300739
21059,-0.0299357,-0.0300562
21061,-0.0299915,-0.0301193
21067,-0.0295866,-0.0296616
21089,-0.0295712,-0.0296442
21101,-0.0295558,-0.0296268
21107,-0.0295405,-0.0296094
21121,-0.0304166,-0.0305995
21139,-0.0310252,-0.0312873
21143,-0.0310093,-0.0312692
21149,-0.0309934,-0.0312511
21157,-0.0304089,-0.0305904
21163,-0.0306356,-0.0308465
21169,-0.0299614,-0.0300846
21179,-0.0299459,-0.030067
21187,-0.0283087,-0.0282169
21191,-0.028294,-0.0282002
21193,-0.0295009,-0.0295641
21211,-0.0282404,-0.0281397
21221,-0.0282257,-0.0281231
21227,-0.028211,-0.0281066
21247,-0.0292702,-0.0293035
21269,-0.0292551,-0.0292864
21277,-0.0286908,-0.0286488
21283,-0.0284647,-0.0283932
21313,-0.0295544,-0.0296248
21317,-0.0295392,-0.0296075
21319,-0.0289118,-0.0288985
21323,-0.0288968,-0.0288817
21341,-0.0288819,-0.0288648
21347,-0.028867,-0.028848
21377,-0.0288521,-0.0288312
21379,-0.0293204,-0.0293603
21383,-0.0293053,-0.0293432
21391,-0.0297401,-0.0298346
21397,-0.0306591,-0.0308728
21401,-0.0306435,-0.0308551
21407,-0.0306279,-0.0308374
21419,-0.0306123,-0.0308197
21433,-0.0303098,-0.0304778
21467,-0.0302943,-0.0304603
21481,-0.0298514,-0.0299596
21487,-0.0290595,-0.0290648
21491,-0.0290446,-0.029048
21493,-0.0292877,-0.0293227
21499,-0.0296767,-0.0297622
21503,-0.0296616,-0.029745
21517,-0.0300599,-0.0301949
21521,-0.0300446,-0.0301776
21523,-0.0294515,-0.0295075
21529,-0.0290081,-0.0290066
21557,-0.0289933,-0.0289898
21559,-0.0298286,-0.0299336
21563,-0.0298135,-0.0299164
21569,-0.0297983,-0.0298993
21577,-0.029354,-0.0293972
21587,-0.029339,-0.0293804
21589,-0.0301139,-0.0302556
21599,-0.0300986,-0.0302383
21601,-0.0294789,-0.0295382
21611,-0.0294639,-0.0295213
21613,-0.0286306,-0.0285801
21617,-0.0286161,-0.0285636
21647,-0.0286015,-0.0285472
21649,-0.0291343,-0.029149
21661,-0.0289703,-0.0289638
21673,-0.0290103,-0.0290089
21683,-0.0289956,-0.0289923
21701,-0.0289809,-0.0289757
21713,-0.0289662,-0.0289592
21727,-0.0283184,-0.0282274
21737,-0.028304,-0.0282112
21739,-0.0263153,-0.0259651
21751,-0.027707,-0.0275372
21757,-0.0262736,-0.0259183
21767,-0.02626,-0.0259031
21773,-0.0262465,-0.025888
21787,-0.0270358,-0.0267796
21799,-0.0267848,-0.0264963
21803,-0.0267711,-0.0264809
21817,-0.0268039,-0.0265181
21821,-0.0267902,-0.0265028
21839,-0.0267765,-0.0264874
21841,-0.0268165,-0.0265327
21851,-0.0268028,-0.0265174
21859,-0.0257921,-0.0253762
21863,-0.0257789,-0.0253614
21871,-0.0249005,-0.0243696
21881,-0.0248876,-0.0243553
21893,-0.0248747,-0.024341
21911,-0.0248618,-0.0243267
21929,-0.024849,-0.0243124
21937,-0.0243609,-0.0237616
21943,-0.0253721,-0.0249037
21961,-0.0258283,-0.0254191
21977,-0.0258151,-0.0254043
21991,-0.0266283,-0.026323
21997,-0.0267019,-0.0264062
22003,-0.027511,-0.02732
22013,-0.0274971,-0.0273044
22027,-0.0270227,-0.0267688
22031,-0.027009,-0.0267535
22037,-0.0269954,-0.0267382
22039,-0.0262008,-0.0258411
22051,-0.0253426,-0.0248722
22063,-0.0252023,-0.024714
22067,-0.0251894,-0.0246996
22073,-0.0251765,-0.0246853
22079,-0.0251636,-0.024671
22091,-0.0251507,-0.0246566
22093,-0.0232627,-0.0225253
22109,-0.0232506,-0.0225119
22111,-0.0246011,-0.0240369
22123,-0.0245276,-0.0239542
22129,-0.0235184,-0.0228151
22133,-0.0235062,-0.0228016
22147,-0.0227199,-0.0219143
22153,-0.022236,-0.0213684
22157,-0.0222244,-0.0213556
22159,-0.0217536,-0.0208246
22171,-0.0233336,-0.0226086
22189,-0.0224581,-0.0216206
22193,-0.0224464,-0.0216077
22229,-0.0224347,-0.0215949
22247,-0.022423,-0.0215821
22259,-0.0224113,-0.0215693
22271,-0.0223996,-0.0215565
22273,-0.0229751,-0.0222065
22277,-0.0229632,-0.0221935
22279,-0.0220165,-0.0211251
22283,-0.022005,-0.0211125
22291,-0.021415,-0.0204469
22303,-0.0204702,-0.0193808
22307,-0.0204593,-0.0193691
22343,-0.0204485,-0.0193573
22349,-0.0204376,-0.0193456
22367,-0.0204268,-0.0193338
22369,-0.0207388,-0.0196865
22381,-0.0209637,-0.0199409
22391,-0.0209527,-0.0199289
22397,-0.0209417,-0.0199169
22409,-0.0209306,-0.019905
22433,-0.0209196,-0.019893
22441,-0.0194758,-0.0182635
22447,-0.0187344,-0.0174272
22453,-0.0174678,-0.015998
22469,-0.0174582,-0.0159878
22481,-0.0174486,-0.0159776
22483,-0.0171884,-0.0156846
22501,-0.0181433,-0.0167631
22511,-0.0181334,-0.0167526
22531,-0.0172356,-0.0157397
22541,-0.0172261,-0.0157297
22543,-0.0166461,-0.0150757
22549,-0.0161933,-0.0145652
22567,-0.0152622,-0.0135149
22571,-0.0152535,-0.0135059
22573,-0.0156679,-0.0139744
22613,-0.015659,-0.0139652
22619,-0.0156502,-0.0139559
22621,-0.0165291,-0.0149488
22637,-0.01652,-0.0149392
22639,-0.0173038,-0.0158247
22643,-0.0172944,-0.0158147
22651,-0.0169043,-0.0153751
22669,-0.0166461,-0.0150843
22679,-0.0166369,-0.0150746
22691,-0.0166277,-0.0150649
22697,-0.0166185,-0.0150552
22699,-0.0156938,-0.0140122
22709,-0.015685,-0.014003
22717,-0.0144007,-0.0125543
22721,-0.0143924,-0.0125458
22727,-0.0143841,-0.0125373
22739,-0.0143759,-0.0125287
22741,-0.0140566,-0.0121693
22751,-0.0140485,-0.0121609
22769,-0.0140404,-0.0121526
22777,-0.0145042,-0.0126769
22783,-0.0147415,-0.0129455
22787,-0.0147331,-0.0129368
22807,-0.0146884,-0.0128871
22811,-0.01468,-0.0128785
22817,-0.0146716,-0.0128699
22853,-0.0146633,-0.0128612
22859,-0.014655,-0.0128526
22861,-0.015212,-0.013482
22871,-0.0152034,-0.0134731
22877,-0.0151949,-0.0134643
22901,-0.0151864,-0.0134554
22907,-0.0151779,-0.0134466
22921,-0.0143654,-0.0125304
22937,-0.0143572,-0.012522
22943,-0.014349,-0.0125136
22961,-0.0143408,-0.0125052
22963,-0.0142658,-0.0124213
22973,-0.0142576,-0.0124129
22993,-0.0137453,-0.0118355
23003,-0.0137374,-0.0118274
23011,-0.0141324,-0.0122741
23017,-0.0138581,-0.0119653
23021,-0.0138501,-0.0119572
23027,-0.0138422,-0.011949
23029,-0.0135885,-0.0116636
23039,-0.0135806,-0.0116556
23041,-0.013375,-0.0114245
23053,-0.0126189,-0.0105722
23057,-0.0126115,-0.0105647
23059,-0.0119319,-0.00979892
23063,-0.0119248,-0.00979175
23071,-0.0108437,-0.00857308
23081,-0.010837,-0.00856645
23087,-0.0108302,-0.00855983
23099,-0.0108235,-0.00855321
23117,-0.0108167,-0.00854659
23131,-0.0116096,-0.00944207
23143,-0.0110832,-0.00884921
23159,-0.0110764,-0.00884248
23167,-0.0113706,-0.00917534
23173,-0.0119221,-0.00979847
23189,-0.0119149,-0.00979133
23197,-0.0123962,-0.0103352
23201,-0.0123889,-0.0103279
23203,-0.0129907,-0.0110077
23209,-0.0122417,-0.0101636
23227,-0.0115099,-0.00933896
23251,-0.0101118,-0.00776268
23269,-0.00992786,-0.00755617
23279,-0.00992151,-0.00755004
23291,-0.00991517,-0.00754391
23293,-0.00864951,-0.00611713
23297,-0.00864366,-0.00611163
23311,-0.00921379,-0.00675589
23321,-0.00920773,-0.00675011
23327,-0.00920167,-0.00674435
23333,-0.00919562,-0.00673858
23339,-0.00918957,-0.00673283
23357,-0.00918353,-0.00672708
23369,-0.00917749,-0.00672133
23371,-0.0101014,-0.00776451
23399,-0.010095,-0.00775832
23417,-0.0100886,-0.00775213
23431,-0.00939474,-0.00697039
23447,-0.00938863,-0.00696455
23459,-0.00938254,-0.00695872
23473,-0.0100195,-0.0076784
23497,-0.00930168,-0.00686953
23509,-0.0100015,-0.00766015
23531,-0.00999521,-0.00765403
23537,-0.0099889,-0.00764792
23539,-0.0104039,-0.00811708
23549,-0.0103974,-0.00811078
23557,-0.0100134,-0.00767853
23561,-0.0100071,-0.00767242
23563,-0.0102965,-0.00799992
23567,-0.0102901,-0.00799367
23581,-0.012143,-0.0100848
23593,-0.0128307,-0.0108615
23599,-0.0124344,-0.0104153
23603,-0.0124271,-0.010408
23609,-0.0124199,-0.0104007
23623,-0.0126178,-0.0106248
23627,-0.0126105,-0.0106174
23629,-0.011304,-0.00914464
23633,-0.0112972,-0.00913793
23663,-0.0112904,-0.00913123
23669,-0.0112837,-0.00912453
23671,-0.0107152,-0.00848426
23677,-0.0121337,-0.0100851
23687,-0.0121266,-0.010078
23689,-0.0113921,-0.0092505
23719,-0.0125127,-0.0105153
23741,-0.0125055,-0.010508
23743,-0.0117657,-0.00967446
23747,-0.0117588,-0.00966755
23753,-0.0117519,-0.00966066
23761,-0.0118041,-0.00972045
23767,-0.0132348,-0.0113349
23773,-0.0135899,-0.0117361
23789,-0.0135823,-0.0117283
23801,-0.0135747,-0.0117206
23813,-0.0135671,-0.0117128
23819,-0.0135596,-0.0117051
23827,-0.0132538,-0.011361
23831,-0.0132463,-0.0113534
23833,-0.0129883,-0.0110632
23857,-0.0138012,-0.0119808
23869,-0.013443,-0.0115777
23873,-0.0134355,-0.01157
23879,-0.013428,-0.0115623
23887,-0.0139163,-0.0121138
23893,-0.0149422,-0.0132713
23899,-0.0154894,-0.0138891
23909,-0.0154811,-0.0138804
23911,-0.0156768,-0.0141017
23917,-0.0165318,-0.0150664
23929,-0.0169788,-0.015571
23957,-0.01697,-0.0155617
23971,-0.0165004,-0.0150328
23977,-0.0157759,-0.0142164
23981,-0.0157676,-0.0142077
23993,-0.0157592,-0.014199
24001,-0.014696,-0.0130008
24007,-0.0152392,-0.013614
24019,-0.0166178,-0.0151691
24023,-0.0166092,-0.01516
24029,-0.0166006,-0.0151509
24043,-0.0166524,-0.0152099
24049,-0.0156083,-0.0140333
24061,-0.0145668,-0.0128598
24071,-0.014559,-0.0128517
24077,-0.0145511,-0.0128436
24083,-0.0145433,-0.0128354
24091,-0.013847,-0.0120512
24097,-0.0138479,-0.0120529
24103,-0.0144763,-0.0127621
24107,-0.0144685,-0.012754
24109,-0.0141573,-0.0124039
24113,-0.0141496,-0.012396
24121,-0.0145332,-0.0128291
24133,-0.0143145,-0.0125833
24137,-0.0143068,-0.0125754
24151,-0.0144959,-0.0127892
24169,-0.0144354,-0.0127218
24179,-0.0144276,-0.0127138
24181,-0.0142502,-0.0125145
24197,-0.0142426,-0.0125066
24203,-0.0142349,-0.0124987
24223,-0.0151473,-0.0135278
24229,-0.0153768,-0.0137872
24239,-0.0153687,-0.0137787
24247,-0.0165843,-0.0151495
24251,-0.0165758,-0.0151405
24281,-0.0165672,-0.0151315
24317,-0.0165587,-0.0151225
24329,-0.0165502,-0.0151135
24337,-0.0163505,-0.014889
24359,-0.0163421,-0.0148801
24371,-0.0163337,-0.0148712
24373,-0.016729,-0.0153175
24379,-0.0160638,-0.0145682
24391,-0.0153506,-0.0137649
24407,-0.0153426,-0.0137565
24413,-0.0153346,-0.0137481
24419,-0.0153265,-0.0137397
24421,-0.0156678,-0.014125
24439,-0.0163625,-0.0149088
24443,-0.0163542,-0.0149
24469,-0.015225,-0.0136278
24473,-0.0152171,-0.0136195
24481,-0.0142346,-0.0125128
24499,-0.0129835,-0.0111031
24509,-0.0129763,-0.0110959
24517,-0.0116306,-0.00957969
24527,-0.0116239,-0.00957308
24533,-0.0116173,-0.00956647
24547,-0.0128439,-0.0109499
24551,-0.0128369,-0.0109428
24571,-0.0122141,-0.0102416
24593,-0.0122073,-0.0102347
24611,-0.0122005,-0.0102279
24623,-0.0121937,-0.010221
24631,-0.0127762,-0.0108785
24659,-0.0127692,-0.0108714
24671,-0.0127622,-0.0108643
24677,-0.0127552,-0.0108571
24683,-0.0127482,-0.01085
24691,-0.012438,-0.0105012
24697,-0.012608,-0.0106935
24709,-0.0115439,-0.00949483
24733,-0.0120818,-0.0101021
24749,-0.0120751,-0.0100953
24763,-0.0134295,-0.0116229
24767,-0.0134222,-0.0116155
24781,-0.013571,-0.011784
24793,-0.0141842,-0.0124759
24799,-0.0143754,-0.0126922
24809,-0.0143678,-0.0126843
24821,-0.0143603,-0.0126765
24841,-0.0138628,-0.0121164
24847,-0.0123821,-0.0104479
24851,-0.0123752,-0.0104411
24859,-0.0124746,-0.0105538
24877,-0.013691,-0.0119258
24889,-0.0139893,-0.0122627
24907,-0.0130379,-0.011191
24917,-0.0130309,-0.0111838
24919,-0.0133785,-0.0115764
24923,-0.0133713,-0.0115691
24943,-0.0118985,-0.00990957
24953,-0.0118918,-0.00990293
24967,-0.0116695,-0.00965315
24971,-0.011663,-0.00964663
24977,-0.0116565,-0.0096401
24979,-0.0105264,-0.00836716
24989,-0.0105203,-0.00836116
25013,-0.0105142,-0.00835517
25031,-0.0105081,-0.00834919
25033,-0.010654,-0.00851454
25037,-0.0106479,-0.00850849
25057,-0.0119432,-0.0099694
25073,-0.0119366,-0.00996277
25087,-0.0113286,-0.00927821
25097,-0.0113222,-0.00927186
25111,-0.0115116,-0.00948623
25117,-0.0123315,-0.0104111
25121,-0.0123247,-0.0104043
25127,-0.012318,-0.0103976
25147,-0.0114412,-0.00941006
25153,-0.0109888,-0.00890094
25163,-0.0109826,-0.00889477
25169,-0.0109764,-0.00888861
25171,-0.0103203,-0.00815003
25183,-0.0103396,-0.00817272
25189,-0.01005,-0.00784719
25219,-0.0111306,-0.009066
25229,-0.0111243,-0.00905978
25237,-0.0106747,-0.00855384
25243,-0.00919976,-0.00689237
25247,-0.0091942,-0.00688703
25253,-0.00918864,-0.0068817
25261,-0.00875014,-0.00638845
25301,-0.00874475,-0.00638333
25303,-0.00895961,-0.00662645
25307,-0.00895415,-0.00662124
25309,-0.00911457,-0.00680296
25321,-0.00862712,-0.00625455
25339,-0.00905198,-0.00673434
25343,-0.0090465,-0.00672909
25349,-0.00904102,-0.00672384
25357,-0.00870171,-0.0063424
25367,-0.00869636,-0.00633732
25373,-0.00869101,-0.00633224
25391,-0.00868566,-0.00632717
25409,-0.00868032,-0.0063221
25411,-0.00845653,-0.00607085
25423,-0.00716551,-0.00461693
25439,-0.00716072,-0.00461255
25447,-0.00669791,-0.00409203
25453,-0.00608887,-0.00340675
25457,-0.00608447,-0.00340286
25463,-0.00608007,-0.00339898
25469,-0.00607567,-0.00339511
25471,-0.00682478,-0.00424026
25523,-0.00682013,-0.00423605
25537,-0.0068033,-0.00421812
25541,-0.00679865,-0.00421392
25561,-0.00679407,-0.00420979
25577,-0.00678944,-0.00420561
25579,-0.00681462,-0.00423501
25583,-0.00680998,-0.00423082
25589,-0.00680534,-0.00422663
25601,-0.00680071,-0.00422244
25603,-0.0073058,-0.00479263
25609,-0.0079241,-0.00549034
25621,-0.00984921,-0.00766055
25633,-0.00989744,-0.00771577
25639,-0.0106124,-0.00852229
25643,-0.0106065,-0.0085164
25657,-0.0109025,-0.00885079
25667,-0.0108964,-0.00884478
25673,-0.0108904,-0.00883877
25679,-0.0108843,-0.00883276
25693,-0.0107068,-0.00863353
25703,-0.0107008,-0.00862761
25717,-0.0114928,-0.00952086
25733,-0.0114866,-0.00951459
25741,-0.0107044,-0.00863403
25747,-0.0116524,-0.009703
25759,-0.0122542,-0.0103818
25763,-0.0122477,-0.0103752
25771,-0.0122645,-0.0103949
25793,-0.012258,-0.0103883
25799,-0.0122515,-0.0103817
25801,-0.0118828,-0.00996717
25819,-0.0123766,-0.0105242
25841,-0.01237,-0.0105176
25847,-0.0123635,-0.0105109
25849,-0.0118931,-0.00998168
25867,-0.0115157,-0.00955722
25873,-0.0103991,-0.00830001
25889,-0.0103933,-0.00829427
25903,-0.00973679,-0.00755547
25913,-0.0097312,-0.00755003
25919,-0.0097256,-0.00754459
25931,-0.00972002,-0.00753916
25933,-0.0106112,-0.008544
25939,-0.0107873,-0.00874324
25943,-0.0107814,-0.00873734
25951,-0.0107971,-0.00875593
25969,-0.0115123,-0.00956238
25981,-0.0115066,-0.0095568
25997,-0.0115004,-0.00955059
25999,-0.0113602,-0.00939336
26003,-0.0113541,-0.00938722
26017,-0.0108282,-0.00879566
26021,-0.0108223,-0.00878976
26029,-0.00947451,-0.00727233
26041,-0.0096084,-0.00742402
26053,-0.0101124,-0.00799259
26083,-0.0104673,-0.00839328
26099,-0.0104615,-0.00838755
26107,-0.0112623,-0.00929052
26111,-0.0112563,-0.00928445
26113,-0.0111898,-0.00921032
26119,-0.00996673,-0.00783342
26141,-0.00996111,-0.00782792
26153,-0.00995549,-0.00782243
26161,-0.00988455,-0.00774335
26171,-0.00987897,-0.0077379
26177,-0.00987338,-0.00773245
26183,-0.00986781,-0.00772701
26189,-0.00986223,-0.00772156
26203,-0.00980098,-0.0076534
26209,-0.00920533,-0.00698331
26227,-0.00922782,-0.00700952
26237,-0.00922248,-0.00700437
26249,-0.00921714,-0.00699922
26251,-0.00936432,-0.00716586
26261,-0.00935894,-0.00716066
26263,-0.0106069,-0.00856708
26267,-0.0106011,-0.00856134
26293,-0.011573,-0.00965683
26297,-0.0115668,-0.00965066
26309,-0.0115607,-0.0096445
26317,-0.0116211,-0.00971323
26321,-0.0116149,-0.00970705
26339,-0.0116088,-0.00970087
26347,-0.0117007,-0.0098051
26357,-0.0116945,-0.00979889
26371,-0.0123547,-0.0105432
26387,-0.0123483,-0.0105367
26393,-0.0123419,-0.0105303
26399,-0.0123356,-0.0105238
26407,-0.0119962,-0.0101423
26417,-0.0119899,-0.0101359
26423,-0.0119837,-0.0101296
26431,-0.0118971,-0.0100328
26437,-0.0122099,-0.0103858
26449,-0.0130714,-0.0113567
26459,-0.0130648,-0.0113499
26479,-0.0134881,-0.0118274
26489,-0.0134814,-0.0118204
26497,-0.014515,-0.0129851
26501,-0.0145079,-0.0129777
26513,-0.0145008,-0.0129703
26539,-0.0142162,-0.0126504
26557,-0.0143104,-0.012757
26561,-0.0143033,-0.0127497
26573,-0.0142963,-0.0127424
26591,-0.0142893,-0.0127351
26597,-0.0142823,-0.0127278
26627,-0.0142753,-0.0127205
26633,-0.0142684,-0.0127133
26641,-0.01445,-0.0129184
26647,-0.0139157,-0.0123173
26669,-0.0139089,-0.0123102
26681,-0.013902,-0.0123031
26683,-0.0151046,-0.0136581
26687,-0.0150973,-0.0136504
26693,-0.0150901,-0.0136428
26699,-0.0150828,-0.0136352
26701,-0.015536,-0.0141461
26711,-0.0155286,-0.0141383
26713,-0.0165744,-0.0153165
26717,-0.0165667,-0.0153082
26723,-0.0165589,-0.0153
26729,-0.0165512,-0.0152918
26731,-0.0164395,-0.0151665
26737,-0.0172846,-0.0161185
26759,-0.0172767,-0.01611
26777,-0.0172687,-0.0161015
26783,-0.0172607,-0.016093
26801,-0.0172528,-0.0160845
26813,-0.0172449,-0.016076
26821,-0.0166452,-0.0154012
26833,-0.0155487,-0.0141671
26839,-0.0144502,-0.0129308
26849,-0.0144432,-0.0129235
26861,-0.0144362,-0.0129162
26863,-0.0135621,-0.0119327
26879,-0.0135554,-0.0119258
26881,-0.0144811,-0.0129686
26891,-0.0144742,-0.0129613
26893,-0.0136817,-0.0120697
26903,-0.013675,-0.0120628
26921,-0.0136683,-0.0120558
26927,-0.0136616,-0.0120489
26947,-0.0147954,-0.0133261
26951,-0.0147884,-0.0133187
26953,-0.0154746,-0.0140918
26959,-0.0147473,-0.0132736
26981,-0.0147402,-0.0132662
26987,-0.0147332,-0.0132588
26993,-0.0147262,-0.0132515
27011,-0.0147191,-0.0132441
27017,-0.0147121,-0.0132368
27031,-0.0134013,-0.0117617
27043,-0.0129558,-0.0112608
27059,-0.0129494,-0.0112542
27061,-0.0138138,-0.0122279
27067,-0.0145668,-0.0130762
27073,-0.0139544,-0.0123874
27077,-0.0139477,-0.0123804
27091,-0.0139614,-0.0123964
27103,-0.0138283,-0.0122472
27107,-0.0138216,-0.0122403
27109,-0.014747,-0.0132825
27127,-0.0156431,-0.0142917
27143,-0.0156358,-0.014284
27179,-0.0156285,-0.0142763
27191,-0.0156212,-0.0142686
27197,-0.0156139,-0.0142609
27211,-0.0153409,-0.0139542
27239,-0.0153338,-0.0139466
27241,-0.0149208,-0.0134822
27253,-0.0159261,-0.0146145
27259,-0.0150702,-0.0136514
27271,-0.0154486,-0.014078
27277,-0.0149169,-0.0134799
27281,-0.0149098,-0.0134725
27283,-0.0144171,-0.0129184
27299,-0.0144102,-0.0129112
27329,-0.0144034,-0.0129041
27337,-0.0136603,-0.0120681
27361,-0.0126171,-0.0108944
27367,-0.0118857,-0.0100717
27397,-0.0122047,-0.0104315
27407,-0.0121986,-0.0104253
27409,-0.0118395,-0.0100217
27427,-0.0114933,-0.00963264
27431,-0.0114875,-0.00962675
27437,-0.0114816,-0.00962087
27449,-0.0114758,-0.009615
27457,-0.0116482,-0.00980974
27479,-0.0116423,-0.0098038
27481,-0.0106103,-0.00864279
27487,-0.0107767,-0.00883085
27509,-0.0107711,-0.00882528
27527,-0.0107655,-0.00881972
27529,-0.0109393,-0.00901606
27539,-0.0109337,-0.00901043
27541,-0.0121373,-0.0103661
27551,-0.0121313,-0.0103599
27581,-0.0121252,-0.0103538
27583,-0.0114755,-0.00962307
27611,-0.0114697,-0.00961722
27617,-0.0114639,-0.00961138
27631,-0.012348,-0.0106074
27647,-0.0123419,-0.0106012
27653,-0.0123358,-0.010595
27673,-0.0128875,-0.0112166
27689,-0.0128812,-0.0112102
27691,-0.0133039,-0.0116867
27697,-0.0132339,-0.0116085
27701,-0.0132275,-0.0116019
27733,-0.0136347,-0.0120609
27737,-0.0136282,-0.0120541
27739,-0.0140979,-0.0125835
27743,-0.0140913,-0.0125766
27749,-0.0140846,-0.0125697
27751,-0.0138363,-0.0122908
27763,-0.0139762,-0.0124488
27767,-0.0139696,-0.0124419
27773,-0.013963,-0.0124351
27779,-0.0139564,-0.0124282
27791,-0.0139498,-0.0124214
27793,-0.0131373,-0.0115074
27799,-0.0124946,-0.0107847
27803,-0.0124885,-0.0107785
27809,-0.0124824,-0.0107722
27817,-0.0131158,-0.0114857
27823,-0.0133017,-0.0116955
27827,-0.0132953,-0.011689
27847,-0.0127482,-0.0110738
27851,-0.0127421,-0.0110675
27883,-0.0129215,-0.01127
27893,-0.0129153,-0.0112637
27901,-0.0132315,-0.0116202
27917,-0.0132252,-0.0116137
27919,-0.0137412,-0.012195
27941,-0.0137348,-0.0121883
27943,-0.0141542,-0.0126609
27947,-0.0141476,-0.012654
27953,-0.014141,-0.0126471
27961,-0.0141157,-0.0126192
27967,-0.0135702,-0.012006
27983,-0.0135638,-0.0119994
27997,-0.0127749,-0.0111121
28001,-0.0127688,-0.0111058
28019,-0.0127626,-0.0110995
28027,-0.0134144,-0.0118336
28031,-0.013408,-0.011827
28051,-0.014807,-0.0134018
28057,-0.0137489,-0.0122117
28069,-0.0138882,-0.012369
28081,-0.0140297,-0.0125288
28087,-0.0129009,-0.0112592
28097,-0.0128948,-0.0112529
28099,-0.013889,-0.0123722
28109,-0.0138825,-0.0123655
28111,-0.0134787,-0.0119116
28123,-0.014175,-0.0126957
28151,-0.0141685,-0.0126889
28163,-0.0141619,-0.0126821
28181,-0.0141554,-0.0126752
28183,-0.0144488,-0.013006
28201,-0.014288,-0.0128255
28211,-0.0142814,-0.0128187
28219,-0.0149286,-0.0135475
28229,-0.0149218,-0.0135403
28277,-0.014915,-0.0135332
28279,-0.0143315,-0.012877
28283,-0.0143249,-0.0128701
28289,-0.0143183,-0.0128632
28297,-0.0155071,-0.0142016
28307,-0.0155002,-0.0141942
28309,-0.0148798,-0.0134966
28319,-0.014873,-0.0134895
28349,-0.0148663,-0.0134824
28351,-0.0134976,-0.0119428
28387,-0.0137194,-0.0121929
28393,-0.0146141,-0.0132003
28403,-0.0146075,-0.0131934
28409,-0.0146008,-0.0131864
28411,-0.015168,-0.0138252
28429,-0.0144266,-0.0129913
28433,-0.01442,-0.0129845
28439,-0.0144134,-0.0129776
28447,-0.0146105,-0.0131999
28463,-0.0146039,-0.0131929
28477,-0.0147731,-0.0133838
28493,-0.0147664,-0.0133768
28499,-0.0147597,-0.0133698
28513,-0.0143445,-0.0129031
28517,-0.0143379,-0.0128962
28537,-0.0157802,-0.0145197
28541,-0.0157733,-0.0145123
28547,-0.0157663,-0.0145049
28549,-0.0167713,-0.0156362
28559,-0.016764,-0.0156284
28571,-0.0167567,-0.0156206
28573,-0.0157828,-0.0145252
28579,-0.0162092,-0.0150054
28591,-0.0177321,-0.0167192
28597,-0.0170019,-0.0158981
28603,-0.016401,-0.0152224
28607,-0.0163938,-0.0152148
28619,-0.0163867,-0.0152072
28621,-0.015749,-0.0144902
28627,-0.0150785,-0.0137364
28631,-0.0150718,-0.0137293
28643,-0.015065,-0.0137222
28649,-0.0150583,-0.0137151
28657,-0.0152407,-0.0139208
28661,-0.0152339,-0.0139136
28663,-0.0162006,-0.0150014
28669,-0.0168892,-0.0157764
28687,-0.0162216,-0.0150259
28697,-0.0162145,-0.0150184
28703,-0.0162075,-0.0150109
28711,-0.0157439,-0.0144899
28723,-0.0151023,-0.0137686
28729,-0.0145879,-0.0131906
28751,-0.0145814,-0.0131837
28753,-0.0138593,-0.0123721
28759,-0.0146911,-0.0133082
28771,-0.0141686,-0.012721
28789,-0.0142987,-0.0128679
28793,-0.0142923,-0.0128611
28807,-0.0138132,-0.0123228
28813,-0.0133864,-0.0118433
28817,-0.0133803,-0.0118369
28837,-0.012744,-0.0111219
28843,-0.0117935,-0.0100534
28859,-0.0117879,-0.0100477
28867,-0.0112009,-0.00938815
28871,-0.0111954,-0.00938268
28879,-0.0105872,-0.00869925
28901,-0.010582,-0.00869403
28909,-0.0107418,-0.00887449
28921,-0.0102801,-0.00835594
28927,-0.0109285,-0.00908581
28933,-0.0102364,-0.00830808
28949,-0.0102313,-0.00830301
28961,-0.0102262,-0.00829796
28979,-0.0102211,-0.0082929
29009,-0.010216,-0.00828785
29017,-0.00929574,-0.00725354
29021,-0.00929094,-0.00724886
29023,-0.0102447,-0.00832227
29027,-0.0102396,-0.00831722
29033,-0.0102345,-0.00831217
29059,-0.00929426,-0.00725537
29063,-0.00928946,-0.00725071
29077,-0.00864842,-0.00653049
29101,-0.00770984,-0.00547562
29123,-0.00770556,-0.00547159
29129,-0.00770127,-0.00546756
29131,-0.00811737,-0.00593634
29137,-0.00860665,-0.00648738
29147,-0.00860209,-0.006483
29153,-0.00859752,-0.00647862
29167,-0.00905851,-0.00699782
29173,-0.00861078,-0.00649502
29179,-0.00918419,-0.00714063
29191,-0.00988463,-0.00792907
29201,-0.00987967,-0.00792418
29207,-0.00987472,-0.0079193
29209,-0.0104033,-0.00851446
29221,-0.00937154,-0.00735482
29231,-0.00936675,-0.00735015
29243,-0.00936196,-0.00734548
29251,-0.0087139,-0.00661744
29269,-0.0092011,-0.00716606
29287,-0.00956973,-0.00758132
29297,-0.00956489,-0.00757658
29303,-0.00956005,-0.00757184
29311,-0.00935433,-0.00734121
29327,-0.00934956,-0.00733655
29333,-0.00934479,-0.00733191
29339,-0.00934003,-0.00732726
29347,-0.00986368,-0.0079168
29363,-0.00985876,-0.00791195
29383,-0.00879742,-0.00671914
29387,-0.00879284,-0.00671472
29389,-0.00888239,-0.00681615
29399,-0.00887779,-0.0068117
29401,-0.00859826,-0.00649812
29411,-0.00859375,-0.00649379
29423,-0.00858924,-0.00648945
29429,-0.00858473,-0.00648512
29437,-0.00830344,-0.00616959
29443,-0.0070093,-0.00471527
29453,-0.00700529,-0.00471156
29473,-0.00755584,-0.0053314
29483,-0.00755166,-0.00532748
29501,-0.00754749,-0.00532357
29527,-0.00813414,-0.005984
29531,-0.00812979,-0.00597986
29537,-0.00812544,-0.00597573
29567,-0.00812109,-0.00597159
29569,-0.00788938,-0.00571181
29573,-0.00788511,-0.00570777
29581,-0.00773829,-0.00554345
29587,-0.00815037,-0.00600754
29599,-0.00820758,-0.00607262
29611,-0.0075993,-0.00538944
29629,-0.00747355,-0.00524882
29633,-0.00746942,-0.00524495
29641,-0.007154,-0.00489109
29663,-0.00714997,-0.00488735
29669,-0.00714594,-0.00488361
29671,-0.00622999,-0.00385458
29683,-0.0058791,-0.00346089
29717,-0.00587547,-0.00345766
29723,-0.00587185,-0.00345443
29741,-0.00586823,-0.0034512
29753,-0.00586461,-0.00344797
29759,-0.005861,-0.00344475
29761,-0.00547628,-0.00301304
29789,-0.00547279,-0.00300997
29803,-0.00555192,-0.0030998
29819,-0.0055484,-0.00309671
29833,-0.00529263,-0.00280996
29837,-0.0052892,-0.00280697
29851,-0.00373935,-0.00106515
29863,-0.00423099,-0.00161888
29867,-0.00422789,-0.00161631
29873,-0.00422479,-0.00161374
29879,-0.0042217,-0.00161117
29881,-0.00386237,-0.00120807
29917,-0.00372325,-0.00105256
29921,-0.00372031,-0.00105019
29927,-0.00371738,-0.00104782
29947,-0.00361099,-0.000929119
29959,-0.0027307,5.97324e-05
29983,-0.00249638,0.000322231
29989,-0.00316376,-0.000429148
